[ScalerInfor]
ScalerID=44
ScalerName=RTD2537T-CG
ScalerFileVersion=0
IcType=1
[PageInfor]
PageCount=256
PageSelect=159
[PG00]
PG00_Name=Chip Control Part1 / IRQ Status / Power Control / Watch Dog / Chip Control Part2 / Input Video Capture / Input Frame Window / FIFO Frequency / Scaling Down Control / Scaling Down Control Port Register / I Domain Pattern Generator / Scaling Down Control / Display Format / Display Format Port Register / Display Fine Tune / Display Format / FIFO Window / FIFO Window Port Register / Scaling Up Function / Scaling Up Function Port Register / Scaling Up Function / Frame Sync Fine Tune / Sync Processor Overview / Sync Processor Port Register Overview / Sync Processor Overview / Highlight window / Highlight window Port Register / Contrast & Brightness / Color Processor Control / Contrast & Brightness / Contrast & Brightness Port Register / Gamma Control / Color Processor Control / DDither Control / DDither Control Port Register / DDither Control / Back ground color / Back ground color Port Register / OSD Color Palette / Image Auto Function / IDither Control / Test Function / Test Function Port / Back ground color / OSD Access Port / Digital Filter / Digital Filter Port Register Part1 / Digital Filter Port Register Part2 / I-Domain Color Conversion / I-Domain Color Conversion Port Register / Page Control / Embedded ADC / ABL / LVR / Schmitt Trigger / LVR / Schmitt Trigger / MEMORY PLL / MCLK Spread Spectrum
PG00_Reserved=0
PG00_TypeArry=1, 1, 1, 1, 1, 1, 1, 1, 1, 1, 1, 1, 1, 1, 1, 1, 1, 1, 1, 1, 1, 1, 1, 1, 1, 1, 1, 1, 1, 1, 1, 1, 1, 1, 1, 1, 2, 3, 1, 0, 1, 1, 2, 3, 0, 0, 0, 1, 2, 3, 1, 2, 3, 1, 1, 1, 0, 0, 0, 0, 0, 1, 1, 1, 1, 1, 1, 1, 1, 1, 0, 1, 1, 1, 1, 1, 1, 1, 1, 1, 1, 1, 1, 0, 0, 0, 0, 0, 0, 0, 1, 1, 2, 3, 1, 1, 2, 3, 1, 1, 2, 3, 1, 1, 1, 3, 1, 2, 1, 5, 1, 1, 1, 1, 1, 1, 1, 1, 1, 1, 1, 1, 1, 1, 1, 1, 1, 1, 1, 1, 1, 1, 1, 1, 1, 1, 1, 1, 1, 0, 0, 2, 3, 1, 1, 1, 6, 1, 1, 0, 0, 0, 2, 3, 0, 0, 1, 5, 0, 4, 0, 0, 0, 0, 0, 0, 0, 0, 0, 0, 0, 0, 0, 0, 0, 0, 0, 0, 0, 0, 0, 0, 0, 0, 0, 0, 0, 1, 1, 1, 1, 1, 1, 1, 1, 1, 1, 1, 1, 1, 1, 1, 0, 0, 0, 1, 1, 1, 1, 1, 1, 1, 1, 1, 1, 1, 1, 1, 1, 0, 0, 0, 0, 0, 0, 0, 1, 1, 1, 1, 1, 1, 1, 1, 1, 1, 1, 1, 1, 1, 1, 1, 1, 1, 1, 1, 1, 1, 1, 1, 1, 1, 1, 1, 1, 1, 
PG00_Start=0
PG00_End=255
[PG01]
PG01_Name=APLL&DDS / DISPLAY PLL / DCLK Spread Spectrum / Multiply PLL for Input Crystal / M2PLL SSCG / APLL&DDS
PG01_Reserved=0
PG01_TypeArry=0, 0, 0, 0, 0, 0, 0, 0, 0, 0, 0, 0, 0, 0, 0, 0, 0, 0, 0, 0, 0, 0, 0, 0, 0, 0, 0, 0, 0, 0, 0, 0, 0, 0, 0, 0, 0, 0, 0, 0, 0, 0, 0, 0, 0, 0, 0, 0, 0, 0, 0, 0, 0, 0, 0, 0, 0, 0, 0, 0, 0, 0, 0, 0, 0, 0, 0, 0, 0, 0, 0, 0, 0, 0, 0, 0, 0, 0, 0, 0, 0, 0, 0, 0, 0, 0, 0, 0, 0, 0, 0, 0, 0, 0, 0, 0, 0, 0, 0, 0, 0, 0, 0, 0, 0, 0, 0, 0, 0, 0, 0, 0, 0, 0, 0, 0, 0, 0, 0, 0, 0, 0, 0, 0, 0, 0, 0, 0, 0, 0, 0, 0, 0, 0, 0, 0, 0, 0, 0, 0, 0, 0, 0, 0, 0, 0, 0, 0, 0, 0, 0, 0, 0, 0, 0, 0, 0, 0, 0, 4, 1, 1, 1, 1, 1, 1, 1, 1, 1, 1, 1, 0, 1, 1, 1, 1, 1, 1, 1, 1, 1, 1, 1, 1, 1, 1, 1, 1, 1, 1, 1, 1, 1, 1, 1, 1, 1, 1, 1, 0, 0, 0, 1, 0, 0, 0, 1, 1, 1, 1, 1, 1, 1, 1, 1, 1, 1, 1, 1, 1, 1, 0, 0, 0, 1, 1, 0, 0, 1, 1, 1, 1, 1, 1, 1, 1, 1, 0, 0, 0, 1, 1, 1, 1, 1, 1, 1, 1, 1, 1, 1, 1, 1, 1, 1, 1, 
PG01_Start=0
PG01_End=255
[PG02]
PG02_Name=HDMI2.0 Function / HDMI2.0 Function SCDC Port Register / HDMI2.0 Function / Overall HDMI System Function Block / Overall HDMI System Function Block HDCP Port Register / Overall HDMI System Function Block / Overall HDMI System Function Block Video Port Register / Overall HDMI System Function Block
PG02_Reserved=0
PG02_TypeArry=1, 1, 1, 1, 1, 1, 1, 1, 1, 0, 0, 1, 1, 1, 1, 1, 1, 1, 1, 1, 1, 1, 1, 1, 1, 1, 1, 1, 1, 1, 1, 1, 1, 1, 1, 1, 1, 1, 1, 1, 1, 1, 1, 1, 1, 1, 1, 0, 0, 0, 0, 0, 0, 0, 0, 0, 1, 2, 3, 0, 0, 0, 0, 0, 1, 1, 1, 1, 1, 1, 1, 1, 1, 1, 0, 0, 0, 0, 0, 0, 1, 1, 0, 0, 0, 0, 0, 0, 0, 0, 0, 0, 0, 0, 0, 0, 0, 0, 0, 0, 0, 0, 0, 0, 0, 0, 0, 0, 0, 0, 0, 0, 0, 0, 0, 0, 0, 0, 0, 0, 0, 0, 0, 0, 0, 0, 0, 0, 0, 0, 0, 0, 0, 0, 0, 0, 0, 0, 0, 0, 0, 0, 0, 0, 0, 0, 0, 0, 0, 0, 0, 0, 0, 0, 0, 0, 0, 0, 0, 4, 0, 1, 1, 1, 1, 1, 1, 1, 1, 1, 1, 1, 1, 1, 1, 1, 1, 1, 1, 1, 1, 1, 1, 1, 1, 1, 1, 1, 1, 1, 1, 1, 1, 1, 1, 2, 3, 0, 0, 0, 1, 2, 3, 1, 1, 1, 1, 0, 0, 0, 0, 0, 0, 0, 0, 0, 0, 0, 0, 0, 0, 0, 0, 0, 1, 1, 0, 0, 0, 0, 1, 1, 1, 1, 1, 1, 1, 1, 1, 1, 1, 1, 1, 0, 0, 0, 1, 1, 0, 0, 0, 0, 0, 0, 0, 0, 
PG02_Start=0
PG02_End=255
[PG03]
PG03_Name=LiveShowTM Control
PG03_Reserved=0
PG03_TypeArry=0, 0, 0, 0, 0, 0, 0, 0, 0, 0, 0, 0, 0, 0, 0, 0, 0, 0, 0, 0, 0, 0, 0, 0, 0, 0, 0, 0, 0, 0, 0, 0, 0, 0, 0, 0, 0, 0, 0, 0, 0, 0, 0, 0, 0, 0, 0, 0, 0, 0, 0, 0, 0, 0, 0, 0, 0, 0, 0, 0, 0, 0, 0, 0, 0, 0, 0, 0, 0, 0, 0, 0, 0, 0, 0, 0, 0, 0, 0, 0, 0, 0, 0, 0, 0, 0, 0, 0, 0, 0, 0, 0, 0, 0, 0, 0, 0, 0, 0, 0, 0, 0, 0, 0, 0, 0, 0, 0, 0, 0, 0, 0, 0, 0, 0, 0, 0, 0, 0, 0, 0, 0, 0, 0, 0, 0, 0, 0, 0, 0, 0, 0, 0, 0, 0, 0, 0, 0, 0, 0, 0, 0, 0, 0, 0, 0, 0, 0, 0, 0, 0, 0, 0, 0, 0, 0, 0, 0, 0, 4, 0, 1, 1, 1, 1, 1, 1, 1, 1, 1, 1, 1, 1, 1, 1, 1, 1, 1, 1, 1, 1, 1, 1, 1, 1, 0, 0, 0, 0, 0, 0, 1, 1, 1, 1, 1, 0, 0, 0, 0, 0, 0, 1, 1, 0, 1, 1, 0, 1, 1, 1, 1, 1, 1, 1, 1, 1, 1, 1, 1, 1, 1, 0, 0, 0, 0, 0, 0, 0, 0, 0, 0, 0, 0, 0, 0, 0, 0, 0, 0, 0, 0, 0, 0, 0, 0, 0, 0, 0, 0, 0, 0, 0, 0, 0, 0, 
PG03_Start=0
PG03_End=255
[PG04]
PG04_Name=SDRAM / DDR Pinshare Control / SDRAM / DDR Control
PG04_Reserved=0
PG04_TypeArry=1, 1, 1, 1, 1, 1, 1, 1, 1, 1, 1, 1, 0, 0, 0, 0, 0, 0, 0, 0, 0, 0, 0, 0, 0, 0, 0, 0, 0, 0, 0, 0, 0, 0, 0, 0, 0, 0, 0, 0, 0, 0, 0, 0, 0, 0, 0, 0, 0, 0, 0, 0, 0, 0, 0, 0, 0, 0, 0, 0, 0, 0, 0, 0, 0, 0, 0, 0, 0, 0, 0, 0, 0, 0, 0, 0, 0, 0, 0, 0, 0, 0, 0, 0, 0, 0, 0, 0, 0, 0, 0, 0, 0, 0, 0, 0, 0, 0, 0, 0, 0, 0, 0, 0, 0, 0, 0, 0, 0, 0, 0, 0, 0, 0, 0, 0, 0, 0, 0, 0, 0, 0, 0, 0, 0, 0, 0, 0, 0, 0, 0, 0, 0, 0, 0, 0, 0, 0, 0, 0, 0, 0, 0, 0, 0, 0, 0, 0, 0, 0, 0, 0, 0, 0, 0, 0, 0, 0, 0, 4, 0, 1, 1, 1, 1, 1, 1, 1, 1, 1, 1, 1, 1, 0, 1, 0, 1, 1, 1, 1, 1, 1, 1, 1, 1, 1, 1, 1, 1, 1, 1, 1, 1, 1, 1, 1, 1, 1, 1, 1, 1, 1, 1, 1, 1, 1, 1, 1, 1, 1, 1, 1, 1, 1, 1, 1, 1, 1, 1, 1, 1, 1, 1, 1, 1, 1, 1, 1, 1, 1, 1, 1, 1, 1, 1, 1, 1, 1, 1, 1, 1, 1, 1, 1, 1, 1, 1, 1, 1, 1, 1, 0, 1, 1, 1, 1, 
PG04_Start=0
PG04_End=255
[PG05]
PG05_Name=FIFO Control
PG05_Reserved=0
PG05_TypeArry=0, 0, 0, 0, 0, 0, 0, 0, 0, 0, 0, 0, 0, 0, 0, 0, 0, 0, 0, 0, 0, 0, 0, 0, 0, 0, 0, 0, 0, 0, 0, 0, 0, 0, 0, 0, 0, 0, 0, 0, 0, 0, 0, 0, 0, 0, 0, 0, 0, 0, 0, 0, 0, 0, 0, 0, 0, 0, 0, 0, 0, 0, 0, 0, 0, 0, 0, 0, 0, 0, 0, 0, 0, 0, 0, 0, 0, 0, 0, 0, 0, 0, 0, 0, 0, 0, 0, 0, 0, 0, 0, 0, 0, 0, 0, 0, 0, 0, 0, 0, 0, 0, 0, 0, 0, 0, 0, 0, 0, 0, 0, 0, 0, 0, 0, 0, 0, 0, 0, 0, 0, 0, 0, 0, 0, 0, 0, 0, 0, 0, 0, 0, 0, 0, 0, 0, 0, 0, 0, 0, 0, 0, 0, 0, 0, 0, 0, 0, 0, 0, 0, 0, 0, 0, 0, 0, 0, 0, 0, 4, 0, 1, 1, 1, 1, 0, 0, 0, 1, 1, 1, 1, 1, 1, 1, 1, 1, 1, 1, 1, 1, 1, 1, 1, 1, 1, 1, 1, 1, 1, 1, 1, 1, 1, 1, 1, 1, 1, 1, 1, 1, 1, 1, 1, 1, 1, 1, 1, 1, 0, 0, 0, 0, 0, 1, 0, 0, 0, 0, 0, 0, 0, 0, 0, 0, 0, 0, 1, 1, 1, 1, 1, 1, 1, 1, 1, 0, 0, 0, 0, 1, 1, 1, 1, 0, 0, 0, 0, 0, 0, 0, 0, 0, 0, 0, 0, 
PG05_Start=0
PG05_End=255
[PG06]
PG06_Name=Internal OSC / Audio
PG06_Reserved=0
PG06_TypeArry=0, 0, 0, 0, 0, 0, 0, 0, 0, 0, 0, 0, 0, 0, 0, 0, 0, 0, 0, 0, 0, 0, 0, 0, 0, 0, 0, 0, 0, 0, 0, 0, 0, 0, 0, 0, 0, 0, 0, 0, 0, 0, 0, 0, 0, 0, 0, 0, 0, 0, 0, 0, 0, 0, 0, 0, 0, 0, 0, 0, 0, 0, 0, 0, 0, 0, 0, 0, 0, 0, 0, 0, 0, 0, 0, 0, 0, 0, 0, 0, 0, 0, 0, 0, 0, 0, 0, 0, 0, 0, 0, 0, 0, 0, 0, 0, 0, 0, 0, 0, 0, 0, 0, 0, 0, 0, 0, 0, 0, 0, 0, 0, 0, 0, 0, 0, 0, 0, 0, 0, 0, 0, 0, 0, 0, 0, 0, 0, 0, 0, 0, 0, 0, 0, 0, 0, 0, 0, 0, 0, 0, 0, 0, 0, 0, 0, 0, 0, 0, 0, 0, 0, 0, 0, 0, 0, 0, 0, 0, 4, 1, 1, 1, 1, 1, 1, 1, 0, 0, 0, 0, 0, 0, 0, 0, 0, 1, 1, 1, 1, 1, 1, 1, 1, 1, 1, 0, 0, 0, 0, 0, 0, 1, 1, 1, 1, 1, 1, 1, 1, 1, 1, 1, 1, 1, 0, 0, 0, 1, 1, 1, 1, 1, 1, 1, 0, 0, 0, 0, 0, 0, 0, 0, 0, 1, 1, 1, 1, 1, 1, 1, 1, 1, 1, 1, 1, 1, 1, 1, 0, 0, 0, 0, 0, 0, 0, 0, 0, 0, 0, 0, 0, 0, 0, 0, 0, 
PG06_Start=0
PG06_End=255
[PG07]
PG07_Name=DCC / DCC Port1 Register / DCC Port2 Register / ICM / ICM Port1 Register / ICM / Y-Peaking and Coring Part1 (D-Domain) / Y-Peaking and Coring Part2 (D-Domain) / DCR Part1 / DCR Port Register / DCR Part2 / D-domain Pattern Generator
PG07_Reserved=0
PG07_TypeArry=0, 0, 0, 0, 0, 0, 0, 0, 0, 0, 0, 0, 0, 0, 0, 0, 0, 0, 0, 0, 0, 0, 0, 0, 0, 0, 0, 0, 0, 0, 0, 0, 0, 0, 0, 0, 0, 0, 0, 0, 0, 0, 0, 0, 0, 0, 0, 0, 0, 0, 0, 0, 0, 0, 0, 0, 0, 0, 0, 0, 0, 0, 0, 0, 0, 0, 0, 0, 0, 0, 0, 0, 0, 0, 0, 0, 0, 0, 0, 0, 0, 0, 0, 0, 0, 0, 0, 0, 0, 0, 0, 0, 0, 0, 0, 0, 0, 0, 0, 0, 0, 0, 0, 0, 0, 0, 0, 0, 0, 0, 0, 0, 0, 0, 0, 0, 0, 0, 0, 0, 0, 0, 0, 0, 0, 0, 0, 0, 0, 0, 0, 0, 0, 0, 0, 0, 0, 0, 0, 0, 0, 0, 0, 0, 0, 0, 0, 0, 0, 0, 0, 0, 0, 0, 0, 0, 0, 0, 0, 4, 0, 0, 0, 0, 0, 0, 0, 0, 0, 0, 0, 0, 0, 0, 0, 0, 0, 0, 0, 0, 0, 0, 0, 0, 0, 0, 0, 0, 0, 0, 0, 0, 0, 0, 0, 0, 0, 0, 0, 1, 1, 2, 3, 0, 0, 0, 0, 0, 1, 1, 2, 3, 1, 0, 2, 3, 2, 3, 1, 0, 0, 0, 0, 0, 0, 0, 0, 0, 0, 0, 0, 0, 0, 0, 0, 0, 0, 0, 0, 0, 1, 1, 1, 1, 1, 1, 1, 1, 1, 1, 1, 1, 1, 1, 0, 1, 
PG07_Start=0
PG07_End=255
[PG08]
PG08_Name=Audio Control
PG08_Reserved=0
PG08_TypeArry=0, 0, 0, 0, 0, 0, 0, 0, 0, 0, 0, 0, 0, 0, 0, 0, 0, 0, 0, 0, 0, 0, 0, 0, 0, 0, 0, 0, 0, 0, 0, 0, 0, 0, 0, 0, 0, 0, 0, 0, 0, 0, 0, 0, 0, 0, 0, 0, 0, 0, 0, 0, 0, 0, 0, 0, 0, 0, 0, 0, 0, 0, 0, 0, 0, 0, 0, 0, 0, 0, 0, 0, 0, 0, 0, 0, 0, 0, 0, 0, 0, 0, 0, 0, 0, 0, 0, 0, 0, 0, 0, 0, 0, 0, 0, 0, 0, 0, 0, 0, 0, 0, 0, 0, 0, 0, 0, 0, 0, 0, 0, 0, 0, 0, 0, 0, 0, 0, 0, 0, 0, 0, 0, 0, 0, 0, 0, 0, 0, 0, 0, 0, 0, 0, 0, 0, 0, 0, 0, 0, 0, 0, 0, 0, 0, 0, 0, 0, 0, 0, 0, 0, 0, 0, 0, 0, 0, 0, 0, 4, 1, 1, 1, 1, 1, 1, 1, 1, 1, 1, 1, 1, 0, 0, 0, 0, 0, 0, 0, 0, 0, 0, 0, 0, 0, 0, 0, 0, 0, 0, 0, 0, 1, 1, 1, 1, 1, 1, 1, 1, 1, 1, 1, 1, 1, 1, 0, 0, 0, 0, 0, 0, 0, 0, 0, 0, 0, 0, 0, 0, 0, 0, 0, 0, 0, 0, 0, 0, 0, 0, 0, 0, 0, 0, 0, 0, 0, 0, 0, 0, 0, 0, 0, 0, 0, 0, 0, 0, 0, 0, 0, 0, 0, 0, 0, 0, 
PG08_Start=0
PG08_End=255
[PG09]
PG09_Name=Input Gamma Control
PG09_Reserved=0
PG09_TypeArry=0, 0, 0, 0, 0, 0, 0, 0, 0, 0, 0, 0, 0, 0, 0, 0, 0, 0, 0, 0, 0, 0, 0, 0, 0, 0, 0, 0, 0, 0, 0, 0, 0, 0, 0, 0, 0, 0, 0, 0, 0, 0, 0, 0, 0, 0, 0, 0, 0, 0, 0, 0, 0, 0, 0, 0, 0, 0, 0, 0, 0, 0, 0, 0, 0, 0, 0, 0, 0, 0, 0, 0, 0, 0, 0, 0, 0, 0, 0, 0, 0, 0, 0, 0, 0, 0, 0, 0, 0, 0, 0, 0, 0, 0, 0, 0, 0, 0, 0, 0, 0, 0, 0, 0, 0, 0, 0, 0, 0, 0, 0, 0, 0, 0, 0, 0, 0, 0, 0, 0, 0, 0, 0, 0, 0, 0, 0, 0, 0, 0, 0, 0, 0, 0, 0, 0, 0, 0, 0, 0, 0, 0, 0, 0, 0, 0, 0, 0, 0, 0, 0, 0, 0, 0, 0, 0, 0, 0, 0, 4, 1, 1, 1, 1, 1, 0, 0, 0, 0, 0, 0, 0, 0, 0, 0, 0, 0, 0, 0, 0, 0, 0, 0, 0, 0, 0, 0, 0, 0, 0, 0, 0, 0, 0, 0, 0, 0, 0, 0, 0, 0, 0, 0, 0, 0, 0, 0, 0, 0, 0, 0, 0, 0, 0, 0, 0, 0, 0, 0, 0, 0, 0, 0, 0, 0, 0, 0, 0, 0, 0, 0, 0, 0, 0, 0, 0, 0, 0, 0, 0, 0, 0, 0, 0, 0, 0, 0, 0, 0, 0, 0, 0, 0, 0, 0, 0, 
PG09_Start=0
PG09_End=255
[PG0A]
PG0A_Name=Reserved
PG0A_Reserved=1
[PG0B]
PG0B_Name=D0 Port DisplayPort 1.2 Digital PHY / GDI PHY Power On Region
PG0B_Reserved=0
PG0B_TypeArry=1, 1, 1, 1, 1, 1, 1, 1, 1, 1, 1, 1, 1, 1, 1, 1, 1, 1, 1, 1, 1, 1, 1, 1, 1, 1, 1, 1, 1, 1, 1, 1, 1, 1, 1, 1, 1, 1, 1, 1, 0, 0, 0, 0, 0, 0, 0, 0, 0, 0, 0, 0, 0, 0, 0, 0, 0, 0, 0, 0, 0, 0, 0, 0, 0, 0, 0, 0, 0, 0, 0, 0, 0, 0, 1, 0, 0, 0, 0, 0, 1, 1, 1, 1, 1, 0, 0, 0, 0, 0, 0, 0, 0, 0, 0, 0, 1, 1, 1, 1, 1, 0, 0, 0, 0, 0, 0, 0, 0, 0, 0, 0, 0, 0, 0, 0, 0, 0, 0, 0, 0, 0, 0, 0, 0, 0, 0, 0, 0, 0, 0, 0, 0, 0, 0, 0, 0, 0, 0, 0, 0, 0, 0, 0, 0, 0, 0, 0, 0, 0, 0, 0, 0, 0, 0, 0, 0, 0, 0, 4, 1, 1, 1, 1, 1, 1, 1, 1, 1, 1, 1, 1, 1, 1, 1, 1, 1, 1, 1, 1, 1, 1, 1, 1, 1, 1, 1, 1, 1, 1, 1, 1, 1, 1, 1, 1, 1, 1, 1, 1, 1, 1, 1, 1, 1, 1, 1, 1, 1, 1, 1, 1, 1, 1, 1, 1, 1, 1, 1, 1, 1, 1, 1, 1, 1, 1, 1, 1, 1, 1, 1, 1, 1, 1, 1, 1, 1, 1, 1, 1, 1, 1, 1, 1, 1, 1, 1, 1, 1, 1, 1, 1, 1, 1, 0, 0, 
PG0B_Start=0
PG0B_End=255
[PG0C]
PG0C_Name=Reserved
PG0C_Reserved=1
[PG0D]
PG0D_Name=Reserved
PG0D_Reserved=1
[PG0E]
PG0E_Name=Reserved
PG0E_Reserved=1
[PG0F]
PG0F_Name=Reserved
PG0F_Reserved=1
[PG10]
PG10_Name=Pin Share Register
PG10_Reserved=0
PG10_TypeArry=1, 1, 1, 1, 1, 1, 1, 1, 1, 1, 1, 1, 1, 1, 1, 1, 1, 1, 1, 1, 1, 1, 1, 1, 1, 1, 1, 1, 1, 1, 1, 1, 1, 1, 1, 1, 1, 1, 1, 1, 1, 1, 1, 1, 1, 1, 1, 1, 1, 1, 1, 1, 1, 1, 1, 0, 1, 1, 1, 1, 1, 1, 1, 1, 1, 1, 1, 1, 1, 0, 0, 0, 0, 0, 0, 0, 0, 0, 0, 0, 0, 0, 0, 0, 0, 0, 0, 0, 0, 0, 0, 0, 0, 0, 0, 0, 0, 0, 0, 0, 0, 0, 0, 0, 0, 0, 0, 0, 0, 0, 0, 0, 0, 0, 0, 0, 0, 1, 0, 1, 1, 1, 1, 1, 1, 1, 1, 1, 1, 1, 1, 1, 1, 1, 1, 1, 1, 0, 0, 0, 0, 0, 0, 0, 0, 0, 0, 0, 0, 0, 0, 0, 0, 0, 0, 0, 0, 0, 0, 4, 1, 1, 0, 0, 0, 0, 0, 0, 0, 0, 0, 0, 0, 0, 0, 0, 1, 1, 1, 1, 1, 1, 1, 0, 0, 0, 0, 0, 0, 0, 0, 0, 1, 0, 0, 0, 0, 0, 0, 0, 0, 0, 0, 0, 0, 0, 0, 0, 0, 0, 0, 0, 0, 0, 0, 0, 0, 0, 0, 0, 0, 0, 0, 0, 0, 0, 0, 0, 0, 0, 0, 0, 0, 0, 0, 0, 0, 0, 0, 0, 0, 0, 0, 0, 0, 0, 0, 0, 0, 0, 0, 0, 0, 0, 0, 0, 
PG10_Start=0
PG10_End=255
[PG11]
PG11_Name=Light Super Resolution HLW (LSR)
PG11_Reserved=0
PG11_TypeArry=0, 0, 0, 0, 0, 0, 0, 0, 0, 0, 0, 0, 0, 0, 0, 0, 0, 0, 0, 0, 0, 0, 0, 0, 0, 0, 0, 0, 0, 0, 0, 0, 0, 0, 0, 0, 0, 0, 0, 0, 0, 0, 0, 0, 0, 0, 0, 0, 0, 0, 0, 0, 0, 0, 0, 0, 0, 0, 0, 0, 0, 0, 0, 0, 0, 0, 0, 0, 0, 0, 0, 0, 0, 0, 0, 0, 0, 0, 0, 0, 0, 0, 0, 0, 0, 0, 0, 0, 0, 0, 0, 0, 0, 0, 0, 0, 0, 0, 0, 0, 0, 0, 0, 0, 0, 0, 0, 0, 0, 0, 0, 0, 0, 0, 0, 0, 0, 0, 0, 0, 0, 0, 0, 0, 0, 0, 0, 0, 0, 0, 0, 0, 0, 0, 0, 0, 0, 0, 0, 0, 0, 0, 0, 0, 0, 0, 0, 0, 0, 0, 0, 0, 0, 0, 0, 0, 0, 0, 0, 4, 0, 0, 0, 0, 0, 0, 0, 0, 0, 0, 0, 0, 0, 0, 0, 0, 0, 0, 0, 0, 0, 0, 0, 0, 0, 1, 0, 0, 0, 0, 0, 0, 0, 0, 0, 0, 0, 0, 0, 0, 0, 0, 0, 0, 1, 1, 1, 1, 1, 1, 1, 1, 0, 0, 0, 0, 0, 0, 0, 0, 0, 0, 0, 0, 0, 0, 0, 0, 0, 0, 0, 0, 0, 0, 0, 0, 0, 0, 0, 0, 0, 0, 0, 0, 0, 0, 0, 0, 0, 0, 0, 0, 0, 0, 0, 0, 
PG11_Start=0
PG11_End=255
[PG12]
PG12_Name=Reserved
PG12_Reserved=1
[PG13]
PG13_Name=Reserved
PG13_Reserved=1
[PG14]
PG14_Name=Light Super Resolution (LSR) / D-Domain Color Conversion / Light Super Resolution (LSR)
PG14_Reserved=0
PG14_TypeArry=1, 1, 1, 1, 1, 1, 0, 0, 0, 0, 0, 0, 0, 0, 0, 0, 1, 1, 1, 1, 1, 1, 1, 1, 1, 1, 1, 0, 0, 0, 0, 0, 0, 0, 0, 0, 0, 0, 0, 0, 0, 0, 0, 0, 0, 0, 0, 0, 0, 0, 0, 0, 0, 0, 0, 0, 0, 0, 0, 0, 0, 0, 0, 0, 0, 0, 0, 0, 0, 0, 0, 0, 0, 0, 0, 0, 0, 0, 0, 0, 0, 0, 0, 0, 0, 0, 0, 0, 0, 0, 0, 0, 0, 0, 0, 0, 0, 0, 0, 0, 0, 0, 0, 0, 0, 0, 0, 0, 0, 0, 0, 0, 0, 0, 0, 0, 0, 0, 0, 0, 0, 0, 0, 0, 0, 0, 0, 0, 0, 0, 0, 0, 0, 0, 0, 0, 0, 0, 0, 0, 0, 0, 0, 0, 0, 0, 0, 0, 0, 0, 0, 0, 0, 0, 0, 0, 0, 0, 0, 4, 0, 1, 1, 1, 1, 1, 1, 1, 1, 1, 1, 1, 1, 1, 1, 1, 1, 1, 1, 1, 1, 1, 1, 1, 1, 0, 0, 0, 0, 0, 0, 0, 1, 1, 1, 1, 1, 1, 1, 1, 1, 1, 1, 1, 1, 1, 1, 1, 1, 1, 1, 1, 1, 1, 1, 1, 1, 1, 0, 0, 0, 0, 0, 0, 1, 1, 1, 1, 1, 1, 1, 1, 1, 1, 1, 1, 1, 1, 1, 1, 1, 1, 1, 1, 1, 1, 1, 1, 1, 1, 1, 1, 1, 1, 1, 1, 
PG14_Start=0
PG14_End=255
[PG15]
PG15_Name=TXAB Port Control for Analog LVDS / Embedded Timing Controller / Embedded Timing Controller Port Register
PG15_Reserved=0
PG15_TypeArry=1, 1, 1, 1, 1, 1, 1, 1, 1, 1, 1, 1, 1, 1, 1, 1, 1, 1, 0, 0, 0, 0, 0, 0, 0, 0, 0, 0, 0, 0, 0, 0, 1, 1, 1, 1, 1, 1, 1, 1, 1, 1, 1, 1, 0, 0, 0, 0, 1, 1, 1, 1, 1, 1, 1, 1, 1, 1, 1, 1, 0, 0, 0, 0, 0, 0, 0, 0, 0, 0, 0, 0, 0, 0, 0, 0, 0, 0, 0, 0, 0, 0, 0, 0, 0, 0, 0, 0, 0, 0, 0, 0, 0, 0, 0, 0, 0, 0, 0, 0, 0, 0, 0, 0, 0, 0, 0, 0, 0, 0, 0, 0, 0, 0, 0, 0, 0, 0, 0, 0, 0, 0, 0, 0, 0, 0, 0, 0, 0, 0, 0, 0, 0, 0, 0, 0, 0, 0, 0, 0, 0, 0, 0, 0, 0, 0, 0, 0, 0, 0, 0, 0, 0, 0, 0, 0, 0, 0, 0, 4, 0, 0, 0, 2, 3, 0, 0, 0, 0, 0, 0, 0, 0, 0, 0, 0, 0, 0, 0, 0, 0, 0, 0, 0, 0, 0, 0, 0, 0, 0, 0, 0, 0, 0, 0, 0, 0, 0, 0, 0, 0, 0, 0, 0, 0, 0, 0, 0, 0, 0, 0, 0, 0, 0, 0, 0, 0, 0, 0, 0, 0, 0, 0, 0, 0, 0, 0, 0, 0, 0, 0, 0, 0, 0, 0, 0, 0, 0, 0, 0, 0, 0, 0, 0, 0, 0, 0, 0, 0, 0, 0, 0, 0, 0, 0, 0, 
PG15_Start=0
PG15_End=255
[PG16]
PG16_Name=On-line Measure Block Overview
PG16_Reserved=0
PG16_TypeArry=0, 1, 1, 1, 1, 1, 1, 1, 1, 1, 1, 1, 1, 1, 1, 1, 1, 1, 1, 1, 1, 1, 1, 1, 1, 1, 1, 0, 1, 1, 0, 0, 0, 0, 0, 0, 0, 0, 0, 0, 0, 0, 0, 0, 0, 0, 0, 0, 0, 0, 0, 0, 0, 0, 0, 0, 0, 0, 0, 0, 0, 0, 0, 0, 0, 0, 0, 0, 0, 0, 0, 0, 0, 0, 0, 0, 0, 0, 0, 0, 0, 0, 0, 0, 0, 0, 0, 0, 0, 0, 0, 0, 0, 0, 0, 0, 0, 0, 0, 0, 0, 0, 0, 0, 0, 0, 0, 0, 0, 0, 0, 0, 0, 0, 0, 0, 0, 0, 0, 0, 0, 0, 0, 0, 0, 0, 0, 0, 0, 0, 0, 0, 0, 0, 0, 0, 0, 0, 0, 0, 0, 0, 0, 0, 0, 0, 0, 0, 0, 0, 0, 0, 0, 0, 0, 0, 0, 0, 0, 4, 0, 0, 0, 0, 0, 0, 0, 0, 0, 0, 0, 0, 0, 0, 0, 0, 0, 0, 0, 0, 0, 0, 0, 0, 0, 0, 0, 0, 0, 0, 0, 0, 0, 0, 0, 0, 0, 0, 0, 0, 0, 0, 0, 0, 0, 0, 0, 0, 0, 0, 0, 0, 0, 0, 0, 0, 0, 0, 0, 0, 0, 0, 0, 0, 0, 0, 0, 0, 0, 0, 0, 0, 0, 0, 0, 0, 0, 0, 0, 0, 0, 0, 0, 0, 0, 0, 0, 0, 0, 0, 0, 0, 0, 0, 0, 0, 
PG16_Start=0
PG16_End=255
[PG17]
PG17_Name=Reserved
PG17_Reserved=1
[PG18]
PG18_Name=Reserved
PG18_Reserved=1
[PG19]
PG19_Name=Reserved
PG19_Reserved=1
[PG1A]
PG1A_Name=Reserved
PG1A_Reserved=1
[PG1B]
PG1B_Name=Reserved
PG1B_Reserved=1
[PG1C]
PG1C_Name=Reserved
PG1C_Reserved=1
[PG1D]
PG1D_Name=GDI DFE
PG1D_Reserved=0
PG1D_TypeArry=0, 0, 0, 0, 0, 0, 0, 0, 0, 0, 0, 0, 0, 0, 0, 0, 0, 0, 0, 0, 0, 0, 0, 0, 0, 0, 0, 0, 0, 0, 0, 0, 0, 0, 0, 0, 0, 0, 0, 0, 0, 0, 0, 0, 0, 0, 0, 0, 0, 0, 0, 0, 0, 0, 0, 0, 0, 0, 0, 0, 0, 0, 0, 0, 0, 0, 0, 0, 0, 0, 0, 0, 0, 0, 0, 0, 0, 0, 0, 0, 0, 0, 0, 0, 0, 0, 0, 0, 0, 0, 0, 0, 0, 0, 0, 0, 0, 0, 0, 0, 0, 0, 0, 0, 0, 0, 0, 0, 0, 0, 0, 0, 0, 0, 0, 0, 0, 0, 0, 0, 0, 0, 0, 0, 0, 0, 0, 0, 0, 0, 0, 0, 0, 0, 0, 0, 0, 0, 0, 0, 0, 0, 0, 0, 0, 0, 0, 0, 0, 0, 0, 0, 0, 0, 0, 0, 0, 0, 0, 4, 1, 1, 1, 1, 1, 1, 1, 1, 1, 1, 1, 1, 0, 0, 0, 1, 1, 1, 1, 1, 1, 1, 1, 1, 1, 1, 1, 1, 0, 0, 0, 1, 1, 1, 1, 1, 1, 1, 1, 1, 1, 1, 1, 1, 0, 0, 0, 1, 1, 1, 1, 1, 1, 1, 1, 1, 1, 1, 1, 1, 0, 0, 0, 1, 1, 1, 1, 1, 1, 1, 1, 1, 1, 1, 1, 1, 1, 1, 1, 1, 1, 1, 1, 1, 0, 0, 0, 0, 1, 1, 1, 1, 0, 0, 0, 0, 
PG1D_Start=0
PG1D_End=255
[PG1E]
PG1E_Name=Reserved
PG1E_Reserved=1
[PG1F]
PG1F_Name=Reserved
PG1F_Reserved=1
[PG20]
PG20_Name=Reserved
PG20_Reserved=1
[PG21]
PG21_Name=Reserved
PG21_Reserved=1
[PG22]
PG22_Name=Reserved
PG22_Reserved=1
[PG23]
PG23_Name=Reserved
PG23_Reserved=1
[PG24]
PG24_Name=Reserved
PG24_Reserved=1
[PG25]
PG25_Name=Ringing Filter
PG25_Reserved=0
PG25_TypeArry=0, 0, 0, 0, 0, 0, 0, 0, 0, 0, 0, 0, 0, 0, 0, 0, 0, 0, 0, 0, 0, 0, 0, 0, 0, 0, 0, 0, 0, 0, 0, 0, 0, 0, 0, 0, 0, 0, 0, 0, 0, 0, 0, 0, 0, 0, 0, 0, 0, 0, 0, 0, 0, 0, 0, 0, 0, 0, 0, 0, 0, 0, 0, 0, 0, 0, 0, 0, 0, 0, 0, 0, 0, 0, 0, 0, 0, 0, 0, 0, 0, 0, 0, 0, 0, 0, 0, 0, 0, 0, 0, 0, 0, 0, 0, 0, 0, 0, 0, 0, 0, 0, 0, 0, 0, 0, 0, 0, 0, 0, 0, 0, 0, 0, 0, 0, 0, 0, 0, 0, 0, 0, 0, 0, 0, 0, 0, 0, 0, 0, 0, 0, 0, 0, 0, 0, 0, 0, 0, 0, 0, 0, 0, 0, 0, 0, 0, 0, 0, 0, 0, 0, 0, 0, 0, 0, 0, 0, 0, 4, 1, 1, 1, 1, 1, 1, 1, 1, 0, 0, 0, 0, 0, 0, 0, 0, 0, 0, 0, 0, 0, 0, 0, 0, 0, 0, 0, 0, 0, 0, 0, 0, 0, 0, 0, 0, 0, 0, 0, 0, 0, 0, 0, 0, 0, 0, 0, 0, 0, 0, 0, 0, 0, 0, 0, 0, 0, 0, 0, 0, 0, 0, 0, 0, 0, 0, 0, 0, 0, 0, 0, 0, 0, 0, 0, 0, 0, 0, 0, 0, 0, 0, 0, 0, 0, 0, 0, 0, 0, 0, 0, 0, 0, 0, 0, 0, 
PG25_Start=0
PG25_End=255
[PG26]
PG26_Name=MHL3.0 / MHL2.0
PG26_Reserved=0
PG26_TypeArry=1, 1, 1, 1, 1, 1, 1, 1, 1, 1, 1, 1, 1, 1, 1, 1, 1, 1, 1, 1, 1, 1, 1, 1, 1, 1, 1, 1, 0, 0, 0, 0, 1, 1, 1, 1, 1, 1, 1, 1, 1, 1, 1, 1, 1, 1, 1, 1, 1, 1, 1, 1, 1, 1, 1, 1, 1, 1, 1, 1, 1, 1, 1, 1, 1, 1, 1, 1, 1, 1, 1, 1, 1, 1, 1, 1, 1, 1, 1, 1, 1, 1, 1, 1, 1, 1, 1, 1, 1, 1, 1, 1, 1, 1, 0, 0, 0, 0, 0, 0, 0, 0, 0, 0, 0, 0, 0, 0, 0, 0, 0, 0, 0, 0, 0, 0, 0, 0, 0, 0, 0, 0, 0, 0, 0, 0, 0, 0, 1, 1, 1, 1, 1, 1, 1, 1, 1, 1, 1, 1, 1, 1, 1, 1, 1, 1, 1, 1, 0, 0, 0, 0, 0, 0, 0, 0, 0, 0, 0, 4, 1, 1, 1, 1, 1, 1, 1, 1, 1, 1, 1, 1, 1, 1, 1, 1, 1, 1, 1, 1, 1, 1, 1, 0, 0, 0, 0, 0, 0, 0, 0, 0, 0, 0, 0, 0, 0, 0, 0, 0, 0, 0, 0, 0, 0, 0, 0, 0, 0, 0, 0, 0, 0, 0, 0, 0, 0, 0, 0, 0, 0, 0, 0, 0, 0, 0, 0, 0, 0, 0, 0, 0, 0, 0, 0, 0, 0, 0, 0, 0, 0, 0, 0, 0, 0, 0, 0, 0, 0, 0, 0, 0, 0, 0, 0, 0, 
PG26_Start=0
PG26_End=255
[PG27]
PG27_Name=ECBUS A-PHY / CBUS PHY
PG27_Reserved=0
PG27_TypeArry=1, 1, 1, 1, 1, 1, 1, 1, 1, 1, 1, 1, 1, 0, 0, 0, 0, 0, 0, 0, 0, 0, 0, 0, 0, 0, 0, 0, 0, 0, 0, 0, 0, 0, 0, 0, 0, 0, 0, 0, 0, 0, 0, 0, 0, 0, 0, 0, 0, 0, 0, 0, 0, 0, 0, 0, 0, 0, 0, 0, 0, 0, 0, 0, 0, 0, 0, 0, 0, 0, 0, 0, 0, 0, 0, 0, 0, 0, 0, 0, 0, 0, 0, 0, 0, 0, 0, 0, 0, 0, 0, 0, 0, 0, 0, 0, 0, 0, 0, 0, 0, 0, 0, 0, 0, 0, 0, 0, 0, 0, 0, 0, 0, 0, 0, 0, 0, 0, 0, 0, 0, 0, 0, 0, 0, 0, 0, 0, 0, 0, 0, 0, 0, 0, 0, 0, 0, 0, 0, 0, 0, 0, 0, 0, 0, 0, 0, 0, 0, 0, 0, 0, 0, 0, 0, 0, 0, 0, 0, 4, 1, 1, 1, 1, 1, 1, 1, 1, 1, 0, 0, 0, 0, 0, 0, 0, 0, 0, 0, 0, 0, 0, 0, 0, 0, 0, 0, 0, 0, 0, 0, 0, 0, 0, 0, 0, 0, 0, 0, 0, 0, 0, 0, 0, 0, 0, 0, 0, 0, 0, 0, 0, 0, 0, 0, 0, 0, 0, 0, 0, 0, 0, 0, 0, 0, 0, 0, 0, 0, 0, 0, 0, 0, 0, 0, 0, 0, 0, 0, 0, 0, 0, 0, 0, 0, 0, 0, 0, 0, 0, 0, 0, 0, 0, 0, 0, 
PG27_Start=0
PG27_End=255
[PG28]
PG28_Name=ocbus for MHL3.0 / CBUS0 MAC / CBUS0 MAC AD Port / CBUS0 MAC / CBUS0 MAC FC Port / CBUS0 MAC
PG28_Reserved=0
PG28_TypeArry=1, 1, 0, 0, 0, 0, 0, 0, 0, 0, 0, 0, 0, 0, 0, 0, 1, 1, 1, 1, 1, 1, 1, 1, 1, 1, 1, 1, 1, 1, 1, 1, 1, 1, 1, 1, 1, 1, 0, 0, 0, 0, 0, 0, 0, 0, 0, 0, 0, 0, 0, 0, 0, 0, 0, 0, 0, 0, 0, 0, 0, 0, 0, 0, 0, 0, 0, 0, 0, 0, 0, 0, 0, 0, 0, 0, 0, 0, 0, 0, 0, 0, 0, 0, 0, 0, 0, 0, 0, 0, 0, 0, 0, 0, 0, 0, 0, 0, 0, 0, 0, 0, 0, 0, 0, 0, 0, 0, 0, 0, 0, 0, 0, 0, 0, 0, 0, 0, 0, 0, 0, 0, 0, 0, 0, 0, 0, 0, 0, 0, 0, 0, 0, 0, 0, 0, 0, 0, 0, 0, 0, 0, 0, 0, 0, 0, 0, 0, 0, 0, 0, 0, 0, 0, 0, 0, 0, 0, 0, 4, 1, 1, 1, 1, 1, 1, 1, 1, 1, 1, 1, 1, 2, 3, 1, 1, 1, 1, 1, 1, 1, 1, 1, 1, 1, 0, 1, 1, 1, 1, 1, 1, 1, 1, 1, 1, 1, 1, 1, 0, 1, 1, 1, 1, 1, 1, 1, 1, 1, 1, 1, 1, 1, 1, 1, 1, 1, 1, 1, 1, 1, 1, 1, 1, 1, 1, 1, 1, 1, 1, 1, 1, 1, 1, 1, 1, 1, 1, 1, 1, 1, 1, 1, 1, 1, 1, 1, 1, 1, 1, 1, 2, 3, 1, 0, 0, 
PG28_Start=0
PG28_End=255
[PG29]
PG29_Name=CBUS1 MAC / CBUS1 MAC AD Port / CBUS1 MAC / CBUS1 MAC FC Port / CBUS1 MAC
PG29_Reserved=0
PG29_TypeArry=0, 0, 0, 0, 0, 0, 0, 0, 0, 0, 0, 0, 0, 0, 0, 0, 0, 0, 0, 0, 0, 0, 0, 0, 0, 0, 0, 0, 0, 0, 0, 0, 0, 0, 0, 0, 0, 0, 0, 0, 0, 0, 0, 0, 0, 0, 0, 0, 0, 0, 0, 0, 0, 0, 0, 0, 0, 0, 0, 0, 0, 0, 0, 0, 0, 0, 0, 0, 0, 0, 0, 0, 0, 0, 0, 0, 0, 0, 0, 0, 0, 0, 0, 0, 0, 0, 0, 0, 0, 0, 0, 0, 0, 0, 0, 0, 0, 0, 0, 0, 0, 0, 0, 0, 0, 0, 0, 0, 0, 0, 0, 0, 0, 0, 0, 0, 0, 0, 0, 0, 0, 0, 0, 0, 0, 0, 0, 0, 0, 0, 0, 0, 0, 0, 0, 0, 0, 0, 0, 0, 0, 0, 0, 0, 0, 0, 0, 0, 0, 0, 0, 0, 0, 0, 0, 0, 0, 0, 0, 4, 1, 1, 1, 1, 1, 1, 1, 1, 1, 1, 1, 1, 2, 3, 1, 1, 1, 1, 1, 1, 1, 1, 1, 1, 1, 0, 1, 1, 1, 1, 1, 1, 1, 1, 1, 1, 1, 1, 1, 0, 1, 1, 1, 1, 1, 1, 1, 1, 1, 1, 1, 1, 1, 1, 1, 1, 1, 1, 1, 1, 1, 1, 1, 1, 1, 1, 1, 1, 1, 1, 1, 1, 1, 1, 1, 1, 1, 1, 1, 1, 1, 1, 1, 1, 1, 1, 1, 1, 1, 1, 1, 2, 3, 1, 0, 0, 
PG29_Start=0
PG29_End=255
[PG2A]
PG2A_Name=Reserved
PG2A_Reserved=1
[PG2B]
PG2B_Name=ECBUS MAC / ECBUS D-PHY
PG2B_Reserved=0
PG2B_TypeArry=1, 1, 1, 1, 1, 1, 1, 1, 1, 1, 1, 1, 1, 1, 1, 1, 1, 1, 1, 1, 1, 1, 1, 1, 1, 1, 1, 1, 1, 1, 1, 1, 1, 1, 1, 1, 1, 1, 1, 1, 1, 1, 1, 1, 1, 1, 1, 1, 1, 1, 1, 1, 1, 1, 1, 1, 1, 1, 1, 1, 1, 1, 1, 1, 1, 1, 1, 1, 1, 1, 1, 1, 1, 1, 1, 1, 1, 1, 1, 1, 1, 1, 1, 0, 0, 0, 0, 0, 0, 0, 0, 0, 0, 0, 0, 0, 0, 0, 0, 0, 0, 0, 0, 0, 0, 0, 0, 0, 0, 0, 0, 0, 0, 0, 0, 0, 0, 0, 0, 0, 0, 0, 0, 0, 0, 0, 0, 0, 0, 0, 0, 0, 0, 0, 0, 0, 0, 0, 0, 0, 0, 0, 0, 0, 0, 0, 0, 0, 0, 0, 0, 0, 0, 0, 0, 0, 0, 0, 0, 4, 1, 1, 1, 1, 1, 1, 1, 1, 1, 1, 1, 1, 1, 1, 1, 1, 1, 1, 1, 1, 1, 1, 1, 1, 1, 1, 1, 1, 1, 1, 1, 1, 1, 1, 1, 1, 1, 1, 1, 0, 0, 1, 1, 0, 0, 0, 0, 0, 0, 0, 0, 0, 0, 0, 0, 0, 0, 0, 0, 0, 0, 0, 0, 0, 0, 0, 0, 0, 0, 0, 0, 0, 0, 0, 0, 0, 0, 0, 0, 0, 0, 0, 0, 0, 0, 0, 0, 0, 0, 0, 0, 0, 0, 0, 0, 0, 
PG2B_Start=0
PG2B_End=255
[PG2C]
PG2C_Name=Reserved
PG2C_Reserved=1
[PG2D]
PG2D_Name=Reserved
PG2D_Reserved=1
[PG2E]
PG2E_Name=Reserved
PG2E_Reserved=1
[PG2F]
PG2F_Name=Gamma Bist Control
PG2F_Reserved=0
PG2F_TypeArry=1, 1, 1, 1, 0, 0, 0, 0, 0, 0, 0, 0, 0, 0, 0, 0, 0, 0, 0, 0, 0, 0, 0, 0, 0, 0, 0, 0, 0, 0, 0, 0, 0, 0, 0, 0, 0, 0, 0, 0, 0, 0, 0, 0, 0, 0, 0, 0, 0, 0, 0, 0, 0, 0, 0, 0, 0, 0, 0, 0, 0, 0, 0, 0, 0, 0, 0, 0, 0, 0, 0, 0, 0, 0, 0, 0, 0, 0, 0, 0, 0, 0, 0, 0, 0, 0, 0, 0, 0, 0, 0, 0, 0, 0, 0, 0, 0, 0, 0, 0, 0, 0, 0, 0, 0, 0, 0, 0, 0, 0, 0, 0, 0, 0, 0, 0, 0, 0, 0, 0, 0, 0, 0, 0, 0, 0, 0, 0, 0, 0, 0, 0, 0, 0, 0, 0, 0, 0, 0, 0, 0, 0, 0, 0, 0, 0, 0, 0, 0, 0, 0, 0, 0, 0, 0, 0, 0, 0, 0, 4, 0, 0, 0, 0, 0, 0, 0, 0, 0, 0, 0, 0, 0, 0, 0, 0, 0, 0, 0, 0, 0, 0, 0, 0, 0, 0, 0, 0, 0, 0, 0, 0, 0, 0, 0, 0, 0, 0, 0, 0, 0, 0, 0, 0, 0, 0, 0, 0, 0, 0, 0, 0, 0, 0, 0, 0, 0, 0, 0, 0, 0, 0, 0, 0, 0, 0, 0, 0, 0, 0, 0, 0, 0, 0, 0, 0, 0, 0, 0, 0, 0, 0, 0, 0, 0, 0, 0, 0, 0, 0, 0, 0, 0, 0, 0, 0, 
PG2F_Start=0
PG2F_End=255
[PG30]
PG30_Name=Off-line Measure Block Overview / Active Measure Block Overview / VGATOP Input Video Capture / VGATOP Input Frame Window / VGATOP Image Auto Function / VGATOP Input Pattern Generator / VGATOP Flag
PG30_Reserved=0
PG30_TypeArry=1, 1, 1, 1, 1, 1, 1, 1, 1, 1, 1, 1, 1, 1, 1, 1, 1, 1, 1, 1, 1, 1, 1, 0, 0, 0, 1, 1, 1, 1, 0, 0, 0, 0, 0, 0, 0, 0, 0, 0, 0, 0, 0, 0, 0, 0, 0, 0, 0, 0, 0, 0, 0, 0, 0, 0, 0, 0, 0, 0, 0, 0, 0, 0, 1, 1, 1, 1, 1, 1, 1, 1, 1, 1, 0, 0, 0, 0, 0, 0, 0, 0, 0, 0, 0, 0, 0, 0, 0, 0, 0, 0, 0, 0, 0, 0, 0, 0, 0, 0, 0, 0, 0, 0, 0, 0, 0, 0, 0, 0, 0, 0, 0, 0, 0, 0, 0, 0, 0, 0, 0, 0, 0, 0, 0, 0, 0, 0, 0, 0, 0, 0, 0, 0, 0, 0, 0, 0, 0, 0, 0, 0, 0, 0, 0, 0, 0, 0, 0, 0, 0, 0, 0, 0, 0, 0, 0, 0, 0, 4, 1, 1, 1, 1, 1, 1, 1, 1, 1, 1, 1, 1, 1, 1, 1, 1, 1, 0, 0, 0, 0, 0, 0, 0, 0, 0, 0, 0, 0, 0, 0, 0, 1, 1, 1, 1, 1, 1, 1, 1, 1, 1, 1, 1, 1, 1, 1, 1, 1, 1, 1, 1, 1, 1, 1, 1, 0, 0, 1, 1, 1, 1, 1, 1, 1, 1, 1, 1, 1, 1, 0, 0, 0, 0, 0, 0, 0, 0, 0, 0, 0, 0, 0, 0, 0, 0, 0, 0, 0, 0, 0, 0, 0, 0, 0, 0, 
PG30_Start=0
PG30_End=255
[PG31]
PG31_Name=YUV422 to YUV444 Conversion / DB Mechanism
PG31_Reserved=0
PG31_TypeArry=0, 0, 0, 0, 0, 0, 0, 0, 0, 0, 0, 0, 0, 0, 0, 0, 0, 0, 0, 0, 0, 0, 0, 0, 0, 0, 0, 0, 0, 0, 0, 0, 0, 0, 0, 0, 0, 0, 0, 0, 0, 0, 0, 0, 0, 0, 0, 0, 0, 0, 0, 0, 0, 0, 0, 0, 0, 0, 0, 0, 0, 0, 0, 0, 1, 0, 0, 0, 0, 0, 0, 0, 0, 0, 0, 0, 0, 0, 0, 0, 0, 0, 0, 0, 0, 0, 0, 0, 0, 0, 0, 0, 0, 0, 0, 0, 0, 0, 0, 0, 0, 0, 0, 0, 0, 0, 0, 0, 0, 0, 0, 0, 0, 0, 0, 0, 0, 0, 0, 0, 0, 0, 0, 0, 0, 0, 0, 0, 0, 0, 0, 0, 0, 0, 0, 0, 0, 0, 0, 0, 0, 0, 0, 0, 0, 0, 0, 0, 0, 0, 0, 0, 0, 0, 0, 0, 0, 0, 0, 4, 0, 0, 0, 0, 0, 0, 0, 0, 0, 0, 0, 0, 0, 0, 0, 0, 0, 0, 0, 0, 0, 0, 0, 0, 0, 0, 0, 0, 0, 0, 0, 0, 1, 1, 1, 0, 0, 0, 0, 0, 0, 0, 0, 0, 0, 0, 0, 0, 0, 0, 0, 0, 0, 0, 0, 0, 0, 0, 0, 0, 0, 0, 0, 0, 0, 0, 0, 0, 0, 0, 0, 0, 0, 0, 0, 0, 0, 0, 0, 0, 0, 0, 0, 0, 0, 0, 0, 0, 0, 0, 0, 0, 0, 0, 0, 0, 
PG31_Start=0
PG31_End=255
[PG32]
PG32_Name=Reserved
PG32_Reserved=1
[PG33]
PG33_Name=ADC Noise Reduction
PG33_Reserved=0
PG33_TypeArry=1, 1, 1, 1, 1, 1, 1, 1, 1, 1, 1, 1, 1, 1, 1, 1, 1, 1, 1, 1, 1, 1, 1, 1, 1, 1, 1, 1, 1, 1, 1, 1, 1, 1, 1, 1, 1, 1, 0, 0, 0, 0, 1, 1, 0, 0, 0, 0, 0, 0, 0, 0, 0, 0, 0, 0, 0, 0, 0, 0, 0, 0, 0, 0, 0, 0, 0, 0, 0, 0, 0, 0, 0, 0, 0, 0, 0, 0, 0, 0, 0, 0, 0, 0, 0, 0, 0, 0, 0, 0, 0, 0, 0, 0, 0, 0, 0, 0, 0, 0, 0, 0, 0, 0, 0, 0, 0, 0, 0, 0, 0, 0, 0, 0, 0, 0, 0, 0, 0, 0, 0, 0, 0, 0, 0, 0, 0, 0, 0, 0, 0, 0, 0, 0, 0, 0, 0, 0, 0, 0, 0, 0, 0, 0, 0, 0, 0, 0, 0, 0, 0, 0, 0, 0, 0, 0, 0, 0, 0, 4, 0, 0, 0, 0, 0, 0, 0, 0, 0, 0, 0, 0, 0, 0, 0, 0, 0, 0, 0, 0, 0, 0, 0, 0, 0, 0, 0, 0, 0, 0, 0, 0, 0, 0, 0, 0, 0, 0, 0, 0, 0, 0, 0, 0, 0, 0, 0, 0, 0, 0, 0, 0, 0, 0, 0, 0, 0, 0, 0, 0, 0, 0, 0, 0, 0, 0, 0, 0, 0, 0, 0, 0, 0, 0, 0, 0, 0, 0, 0, 0, 0, 0, 0, 0, 0, 0, 0, 0, 0, 0, 0, 0, 0, 0, 0, 0, 
PG33_Start=0
PG33_End=255
[PG34]
PG34_Name=Reserved
PG34_Reserved=1
[PG35]
PG35_Name=Reserved
PG35_Reserved=1
[PG36]
PG36_Name=I Domain Cyclic-Redundant-Check / D Domain Cyclic-Redundant-Check / M Domain Cyclic-Redundant-Check
PG36_Reserved=0
PG36_TypeArry=1, 1, 1, 1, 1, 1, 1, 0, 0, 0, 0, 0, 0, 0, 0, 0, 0, 0, 0, 0, 0, 0, 0, 0, 0, 0, 0, 0, 0, 0, 0, 0, 0, 0, 0, 0, 0, 0, 0, 0, 0, 0, 0, 0, 1, 1, 1, 1, 1, 1, 1, 0, 0, 0, 0, 0, 0, 0, 0, 0, 0, 0, 0, 0, 1, 1, 1, 1, 1, 1, 1, 0, 0, 0, 0, 0, 0, 0, 0, 0, 0, 0, 0, 0, 0, 0, 0, 0, 0, 0, 0, 0, 0, 0, 0, 0, 0, 0, 0, 0, 0, 0, 0, 0, 0, 0, 0, 0, 0, 0, 0, 0, 0, 0, 0, 0, 0, 0, 0, 0, 0, 0, 0, 0, 0, 0, 0, 0, 0, 0, 0, 0, 0, 0, 0, 0, 0, 0, 0, 0, 0, 0, 0, 0, 0, 0, 0, 0, 0, 0, 0, 0, 0, 0, 0, 0, 0, 0, 0, 4, 0, 0, 0, 0, 0, 0, 0, 0, 0, 0, 0, 0, 0, 0, 0, 0, 0, 0, 0, 0, 0, 0, 0, 0, 0, 0, 0, 0, 0, 0, 0, 0, 0, 0, 0, 0, 0, 0, 0, 0, 0, 0, 0, 0, 0, 0, 0, 0, 0, 0, 0, 0, 0, 0, 0, 0, 0, 0, 0, 0, 0, 0, 0, 0, 0, 0, 0, 0, 0, 0, 0, 0, 0, 0, 0, 0, 0, 0, 0, 0, 0, 0, 0, 0, 0, 0, 0, 0, 0, 0, 0, 0, 0, 0, 0, 0, 
PG36_Start=0
PG36_End=255
[PG37]
PG37_Name=Reserved
PG37_Reserved=1
[PG38]
PG38_Name=Reserved
PG38_Reserved=1
[PG39]
PG39_Name=Control for LVDS display conversion
PG39_Reserved=0
PG39_TypeArry=1, 1, 1, 1, 1, 1, 1, 1, 1, 1, 1, 1, 1, 1, 1, 1, 1, 1, 1, 1, 1, 1, 1, 1, 1, 1, 1, 1, 1, 1, 0, 0, 1, 0, 0, 0, 0, 0, 0, 0, 0, 0, 0, 0, 0, 0, 0, 0, 1, 1, 1, 1, 1, 1, 1, 1, 1, 1, 1, 1, 1, 1, 1, 1, 1, 1, 1, 1, 1, 1, 1, 1, 1, 0, 0, 0, 0, 0, 0, 0, 0, 0, 0, 0, 0, 0, 0, 0, 0, 0, 0, 0, 0, 0, 0, 0, 0, 0, 0, 0, 0, 0, 0, 0, 0, 0, 0, 0, 0, 0, 0, 0, 0, 0, 0, 0, 0, 0, 0, 0, 0, 0, 0, 0, 0, 0, 0, 0, 0, 0, 0, 0, 0, 0, 0, 0, 0, 0, 0, 0, 0, 0, 0, 0, 0, 0, 0, 0, 0, 0, 0, 0, 0, 0, 0, 0, 0, 0, 0, 4, 0, 0, 0, 0, 0, 0, 0, 0, 0, 0, 0, 0, 0, 0, 0, 0, 0, 0, 0, 0, 0, 0, 0, 0, 0, 0, 0, 0, 0, 0, 0, 0, 0, 0, 0, 0, 0, 0, 0, 0, 0, 0, 0, 0, 0, 0, 0, 0, 0, 0, 0, 0, 0, 0, 0, 0, 0, 0, 0, 0, 0, 0, 0, 0, 0, 0, 0, 0, 0, 0, 0, 0, 0, 0, 0, 0, 0, 0, 0, 0, 0, 0, 0, 0, 0, 0, 0, 0, 0, 0, 0, 0, 0, 0, 0, 0, 
PG39_Start=0
PG39_End=255
[PG3A]
PG3A_Name=OSD Frame Control Registers
PG3A_Reserved=0
PG3A_TypeArry=1, 1, 1, 1, 1, 1, 1, 1, 1, 1, 1, 1, 1, 1, 1, 1, 1, 1, 1, 1, 1, 1, 1, 1, 1, 1, 1, 1, 1, 1, 1, 1, 1, 1, 1, 1, 1, 1, 1, 1, 1, 1, 1, 1, 1, 1, 1, 1, 1, 1, 1, 1, 1, 1, 1, 1, 1, 1, 1, 1, 1, 1, 1, 1, 1, 1, 1, 1, 1, 1, 1, 1, 1, 1, 1, 1, 1, 1, 1, 1, 1, 1, 1, 1, 1, 1, 1, 1, 1, 1, 1, 1, 1, 0, 0, 0, 1, 1, 1, 1, 1, 1, 1, 1, 1, 1, 1, 1, 1, 1, 1, 1, 1, 1, 1, 1, 1, 1, 1, 1, 1, 1, 1, 1, 1, 1, 1, 1, 1, 1, 1, 1, 1, 1, 1, 1, 1, 1, 1, 1, 1, 1, 1, 1, 1, 1, 1, 1, 1, 1, 0, 0, 0, 0, 0, 0, 0, 0, 0, 4, 0, 0, 0, 0, 0, 0, 0, 0, 0, 0, 0, 0, 0, 0, 0, 0, 0, 0, 0, 0, 0, 0, 0, 0, 0, 0, 0, 0, 0, 0, 0, 0, 0, 0, 0, 0, 0, 0, 0, 0, 0, 0, 0, 0, 0, 0, 0, 0, 0, 0, 0, 0, 0, 0, 0, 0, 0, 0, 0, 0, 0, 0, 0, 0, 0, 0, 0, 0, 0, 0, 0, 0, 0, 0, 0, 0, 0, 0, 0, 0, 0, 0, 0, 0, 0, 0, 0, 0, 0, 0, 0, 0, 0, 0, 0, 0, 
PG3A_Start=0
PG3A_End=255
[PG3B]
PG3B_Name=Reserved
PG3B_Reserved=1
[PG3C]
PG3C_Name=Reserved
PG3C_Reserved=1
[PG3D]
PG3D_Name=Reserved
PG3D_Reserved=1
[PG3E]
PG3E_Name=Reserved
PG3E_Reserved=1
[PG3F]
PG3F_Name=Flash Partition
PG3F_Reserved=0
PG3F_TypeArry=0, 0, 0, 0, 0, 0, 0, 0, 0, 0, 0, 0, 0, 0, 0, 0, 0, 0, 0, 0, 0, 0, 0, 0, 0, 0, 0, 0, 0, 0, 0, 0, 0, 0, 0, 0, 0, 0, 0, 0, 0, 0, 0, 0, 0, 0, 0, 0, 0, 0, 0, 0, 0, 0, 0, 0, 0, 0, 0, 0, 0, 0, 0, 0, 0, 0, 0, 0, 0, 0, 0, 0, 0, 0, 0, 0, 0, 0, 0, 0, 0, 0, 0, 0, 0, 0, 0, 0, 0, 0, 0, 0, 0, 0, 0, 0, 0, 0, 0, 0, 0, 0, 0, 0, 0, 0, 0, 0, 0, 0, 0, 0, 0, 0, 0, 0, 0, 0, 0, 0, 0, 0, 0, 0, 0, 0, 0, 0, 0, 0, 0, 0, 0, 0, 0, 0, 0, 0, 0, 0, 0, 0, 0, 0, 0, 0, 0, 0, 0, 0, 0, 0, 0, 0, 0, 0, 0, 0, 0, 4, 1, 1, 1, 1, 1, 1, 1, 1, 1, 1, 1, 1, 1, 1, 1, 1, 1, 1, 1, 1, 1, 1, 1, 1, 1, 1, 1, 1, 1, 1, 1, 1, 1, 1, 1, 1, 1, 1, 1, 1, 1, 1, 1, 1, 1, 1, 1, 1, 1, 1, 1, 1, 1, 1, 1, 1, 1, 1, 1, 1, 1, 1, 1, 1, 1, 1, 1, 1, 1, 1, 1, 1, 1, 1, 1, 1, 1, 1, 1, 1, 1, 1, 1, 1, 1, 1, 1, 1, 1, 1, 1, 1, 1, 1, 1, 1, 
PG3F_Start=0
PG3F_End=255
[PG40]
PG40_Name=Sync Processor Clock Divider / Measure Block Clock Divider / GDI_2 Power Control
PG40_Reserved=0
PG40_TypeArry=0, 0, 0, 0, 0, 0, 1, 1, 0, 1, 1, 1, 0, 1, 0, 0, 0, 0, 0, 0, 0, 0, 0, 0, 0, 0, 0, 0, 0, 0, 0, 0, 0, 0, 0, 0, 0, 0, 0, 0, 0, 0, 0, 0, 0, 0, 0, 0, 0, 0, 0, 0, 0, 0, 0, 0, 0, 0, 0, 0, 0, 0, 0, 0, 0, 0, 0, 0, 0, 0, 0, 0, 0, 0, 0, 0, 0, 0, 0, 0, 0, 0, 0, 0, 0, 0, 0, 0, 0, 0, 0, 0, 0, 0, 0, 0, 0, 0, 0, 0, 0, 0, 0, 0, 0, 0, 0, 0, 0, 0, 0, 0, 0, 0, 0, 0, 0, 0, 0, 0, 0, 0, 0, 0, 0, 0, 0, 0, 0, 0, 0, 0, 0, 0, 0, 0, 0, 0, 0, 0, 0, 0, 0, 0, 0, 0, 0, 0, 0, 0, 0, 0, 0, 0, 0, 0, 0, 0, 0, 4, 0, 0, 0, 0, 0, 0, 0, 0, 0, 0, 0, 0, 0, 0, 0, 0, 0, 0, 0, 0, 0, 0, 0, 0, 0, 0, 0, 0, 0, 0, 0, 0, 0, 0, 0, 0, 0, 0, 0, 0, 0, 0, 0, 0, 0, 0, 0, 0, 0, 0, 0, 0, 0, 0, 0, 0, 0, 0, 0, 0, 0, 0, 0, 0, 0, 0, 0, 0, 0, 0, 0, 0, 0, 0, 0, 0, 0, 0, 0, 0, 0, 0, 0, 0, 0, 0, 0, 0, 0, 0, 0, 0, 0, 0, 0, 0, 
PG40_Start=0
PG40_End=255
[PG41]
PG41_Name=Reserved
PG41_Reserved=1
[PG42]
PG42_Name=Reserved
PG42_Reserved=1
[PG43]
PG43_Name=Reserved
PG43_Reserved=1
[PG44]
PG44_Name=Reserved
PG44_Reserved=1
[PG45]
PG45_Name=Reserved
PG45_Reserved=1
[PG46]
PG46_Name=Reserved
PG46_Reserved=1
[PG47]
PG47_Name=Reserved
PG47_Reserved=1
[PG48]
PG48_Name=Reserved
PG48_Reserved=1
[PG49]
PG49_Name=Reserved
PG49_Reserved=1
[PG4A]
PG4A_Name=Reserved
PG4A_Reserved=1
[PG4B]
PG4B_Name=Reserved
PG4B_Reserved=1
[PG4C]
PG4C_Name=Reserved
PG4C_Reserved=1
[PG4D]
PG4D_Name=Reserved
PG4D_Reserved=1
[PG4E]
PG4E_Name=Reserved
PG4E_Reserved=1
[PG4F]
PG4F_Name=Reserved
PG4F_Reserved=1
[PG50]
PG50_Name=Reserved
PG50_Reserved=1
[PG51]
PG51_Name=Reserved
PG51_Reserved=1
[PG52]
PG52_Name=Reserved
PG52_Reserved=1
[PG53]
PG53_Name=Reserved
PG53_Reserved=1
[PG54]
PG54_Name=Reserved
PG54_Reserved=1
[PG55]
PG55_Name=Reserved
PG55_Reserved=1
[PG56]
PG56_Name=Reserved
PG56_Reserved=1
[PG57]
PG57_Name=Reserved
PG57_Reserved=1
[PG58]
PG58_Name=Reserved
PG58_Reserved=1
[PG59]
PG59_Name=Reserved
PG59_Reserved=1
[PG5A]
PG5A_Name=Reserved
PG5A_Reserved=1
[PG5B]
PG5B_Name=Reserved
PG5B_Reserved=1
[PG5C]
PG5C_Name=Reserved
PG5C_Reserved=1
[PG5D]
PG5D_Name=Reserved
PG5D_Reserved=1
[PG5E]
PG5E_Name=Reserved
PG5E_Reserved=1
[PG5F]
PG5F_Name=Reserved
PG5F_Reserved=1
[PG60]
PG60_Name=Reserved
PG60_Reserved=1
[PG61]
PG61_Name=USB 2.0 Host Controller / USB 2.0 EHCI Host Controller / USB OHCI Host Controller / USB 2.0 Host Controller / USB 2.0 PHY / USB 2.0 PHY SSC Control / USB 2.0 Host Controller
PG61_Reserved=0
PG61_TypeArry=1, 1, 1, 1, 7, 7, 7, 7, 0, 0, 0, 0, 0, 0, 0, 0, 0, 1, 1, 1, 1, 1, 1, 1, 1, 0, 0, 0, 0, 0, 0, 0, 1, 1, 1, 1, 1, 1, 1, 1, 1, 1, 1, 1, 1, 1, 0, 0, 0, 0, 0, 0, 0, 0, 0, 0, 0, 0, 0, 0, 0, 0, 0, 0, 0, 0, 0, 0, 0, 0, 0, 0, 0, 0, 0, 0, 0, 0, 0, 0, 0, 0, 0, 0, 0, 0, 0, 0, 0, 0, 0, 0, 0, 0, 0, 0, 1, 1, 5, 1, 1, 1, 1, 1, 1, 1, 1, 1, 1, 1, 1, 1, 0, 0, 0, 0, 0, 0, 0, 0, 0, 0, 0, 0, 0, 0, 0, 0, 0, 0, 0, 0, 0, 0, 0, 0, 0, 0, 0, 0, 0, 0, 0, 0, 0, 0, 0, 0, 0, 0, 0, 0, 0, 0, 0, 0, 0, 0, 0, 4, 0, 0, 0, 0, 0, 0, 0, 0, 0, 0, 0, 0, 0, 0, 0, 0, 0, 0, 0, 0, 0, 0, 0, 0, 0, 0, 0, 0, 0, 0, 0, 0, 0, 0, 0, 0, 0, 0, 0, 0, 0, 0, 0, 0, 0, 0, 0, 0, 0, 0, 0, 0, 0, 0, 0, 0, 0, 0, 0, 0, 0, 0, 0, 0, 0, 0, 0, 0, 0, 0, 0, 0, 0, 0, 0, 0, 0, 0, 0, 0, 0, 0, 0, 0, 0, 0, 0, 0, 0, 0, 0, 0, 0, 0, 0, 0, 
PG61_Start=0
PG61_End=255
[PG62]
PG62_Name=Embedded LDO
PG62_Reserved=0
PG62_TypeArry=1, 1, 1, 1, 1, 1, 0, 0, 0, 0, 0, 0, 0, 0, 0, 0, 0, 0, 0, 0, 0, 0, 0, 0, 0, 0, 0, 0, 0, 0, 0, 0, 0, 0, 0, 0, 0, 0, 0, 0, 0, 0, 0, 0, 0, 0, 0, 0, 0, 0, 0, 0, 0, 0, 0, 0, 0, 0, 0, 0, 0, 0, 0, 0, 0, 0, 0, 0, 0, 0, 0, 0, 0, 0, 0, 0, 0, 0, 0, 0, 0, 0, 0, 0, 0, 0, 0, 0, 0, 0, 0, 0, 0, 0, 0, 0, 0, 0, 0, 0, 0, 0, 0, 0, 0, 0, 0, 0, 0, 0, 0, 0, 0, 0, 0, 0, 0, 0, 0, 0, 0, 0, 0, 0, 0, 0, 0, 0, 0, 0, 0, 0, 0, 0, 0, 0, 0, 0, 0, 0, 0, 0, 0, 0, 0, 0, 0, 0, 0, 0, 0, 0, 0, 0, 0, 0, 0, 0, 0, 4, 0, 0, 0, 0, 0, 0, 0, 0, 0, 0, 0, 0, 0, 0, 0, 0, 0, 0, 0, 0, 0, 0, 0, 0, 0, 0, 0, 0, 0, 0, 0, 0, 0, 0, 0, 0, 0, 0, 0, 0, 0, 0, 0, 0, 0, 0, 0, 0, 0, 0, 0, 0, 0, 0, 0, 0, 0, 0, 0, 0, 0, 0, 0, 0, 0, 0, 0, 0, 0, 0, 0, 0, 0, 0, 0, 0, 0, 0, 0, 0, 0, 0, 0, 0, 0, 0, 0, 0, 0, 0, 0, 0, 0, 0, 0, 0, 
PG62_Start=0
PG62_End=255
[PG63]
PG63_Name=HDCP 2.2 IIC Module / HDCP 2.2 Overview / HDCP 2.2 IIC Module
PG63_Reserved=0
PG63_TypeArry=1, 1, 1, 1, 1, 1, 0, 0, 0, 0, 0, 0, 0, 0, 0, 0, 1, 1, 1, 1, 1, 1, 1, 1, 1, 1, 1, 1, 1, 1, 1, 0, 1, 1, 1, 1, 1, 1, 1, 1, 0, 0, 0, 0, 0, 0, 0, 0, 1, 1, 1, 1, 1, 1, 1, 1, 1, 1, 1, 1, 1, 1, 1, 1, 1, 1, 1, 1, 1, 1, 1, 1, 1, 1, 1, 1, 1, 1, 1, 1, 1, 1, 1, 1, 1, 0, 0, 0, 0, 0, 0, 0, 0, 0, 0, 0, 1, 1, 1, 1, 1, 1, 1, 1, 1, 1, 1, 1, 1, 1, 1, 1, 1, 1, 1, 1, 1, 1, 1, 1, 1, 1, 1, 1, 1, 1, 1, 1, 1, 1, 1, 1, 1, 1, 1, 1, 1, 1, 1, 1, 1, 1, 1, 1, 1, 1, 1, 1, 0, 0, 0, 0, 0, 0, 0, 0, 0, 0, 0, 4, 1, 1, 1, 1, 1, 1, 1, 1, 1, 1, 1, 1, 1, 1, 1, 0, 0, 0, 0, 0, 0, 0, 0, 0, 0, 0, 0, 0, 0, 0, 0, 0, 1, 1, 0, 0, 0, 0, 0, 0, 0, 0, 0, 0, 0, 0, 0, 0, 1, 1, 0, 1, 1, 0, 0, 0, 0, 0, 0, 0, 0, 0, 0, 0, 1, 1, 0, 0, 0, 0, 0, 0, 0, 0, 0, 0, 0, 0, 0, 0, 0, 0, 0, 0, 0, 0, 0, 0, 0, 0, 0, 0, 0, 0, 0, 0, 
PG63_Start=0
PG63_End=255
[PG64]
PG64_Name=Reserved
PG64_Reserved=1
[PG65]
PG65_Name=Reserved
PG65_Reserved=1
[PG66]
PG66_Name=Reserved
PG66_Reserved=1
[PG67]
PG67_Name=Reserved
PG67_Reserved=1
[PG68]
PG68_Name=Reserved
PG68_Reserved=1
[PG69]
PG69_Name=Reserved
PG69_Reserved=1
[PG6A]
PG6A_Name=Reserved
PG6A_Reserved=1
[PG6B]
PG6B_Name=Reserved
PG6B_Reserved=1
[PG6C]
PG6C_Name=Reserved
PG6C_Reserved=1
[PG6D]
PG6D_Name=Reserved
PG6D_Reserved=1
[PG6E]
PG6E_Name=Reserved
PG6E_Reserved=1
[PG6F]
PG6F_Name=ADI Global Control
PG6F_Reserved=0
PG6F_TypeArry=1, 1, 1, 1, 1, 1, 0, 0, 0, 1, 0, 0, 0, 0, 0, 0, 1, 1, 1, 0, 0, 0, 0, 0, 0, 0, 0, 0, 0, 0, 0, 0, 0, 0, 0, 0, 0, 0, 0, 0, 0, 0, 0, 0, 0, 0, 0, 0, 0, 0, 0, 0, 0, 0, 0, 0, 0, 0, 0, 0, 0, 0, 0, 0, 0, 0, 0, 0, 0, 0, 0, 0, 0, 0, 0, 0, 0, 0, 0, 0, 0, 0, 0, 0, 0, 0, 0, 0, 0, 0, 0, 0, 0, 0, 0, 0, 0, 0, 0, 0, 0, 0, 0, 0, 0, 0, 0, 0, 0, 0, 0, 0, 0, 0, 0, 0, 0, 0, 0, 0, 0, 0, 0, 0, 0, 0, 0, 0, 0, 0, 0, 0, 0, 0, 0, 0, 0, 0, 0, 0, 0, 0, 0, 0, 0, 0, 0, 0, 0, 0, 0, 0, 0, 0, 0, 0, 0, 0, 0, 4, 0, 0, 0, 0, 0, 0, 0, 0, 0, 0, 0, 0, 0, 0, 0, 0, 0, 0, 0, 0, 0, 0, 0, 0, 0, 0, 0, 0, 0, 0, 0, 0, 0, 0, 0, 0, 0, 0, 0, 0, 0, 0, 0, 0, 0, 0, 0, 0, 0, 0, 0, 0, 0, 0, 0, 0, 0, 0, 0, 0, 0, 0, 0, 0, 0, 0, 0, 0, 0, 0, 0, 0, 0, 0, 0, 0, 0, 0, 0, 0, 0, 0, 0, 0, 0, 0, 0, 0, 0, 0, 0, 0, 0, 0, 0, 0, 
PG6F_Start=0
PG6F_End=255
[PG70]
PG70_Name=Reserved
PG70_Reserved=1
[PG71]
PG71_Name=Reserved
PG71_Reserved=1
[PG72]
PG72_Name=Reserved
PG72_Reserved=1
[PG73]
PG73_Name=Reserved
PG73_Reserved=1
[PG74]
PG74_Name=Reserved
PG74_Reserved=1
[PG75]
PG75_Name=Reserved
PG75_Reserved=1
[PG76]
PG76_Name=Reserved
PG76_Reserved=1
[PG77]
PG77_Name=Reserved
PG77_Reserved=1
[PG78]
PG78_Name=Reserved
PG78_Reserved=1
[PG79]
PG79_Name=Reserved
PG79_Reserved=1
[PG7A]
PG7A_Name=Reserved
PG7A_Reserved=1
[PG7B]
PG7B_Name=Reserved
PG7B_Reserved=1
[PG7C]
PG7C_Name=Reserved
PG7C_Reserved=1
[PG7D]
PG7D_Name=Reserved
PG7D_Reserved=1
[PG7E]
PG7E_Name=Reserved
PG7E_Reserved=1
[PG7F]
PG7F_Name=Reserved
PG7F_Reserved=1
[PG80]
PG80_Name=GDI Clock Divider / GDI PHY Power Control / XTAL
PG80_Reserved=0
PG80_TypeArry=0, 0, 0, 0, 0, 0, 1, 0, 0, 0, 1, 1, 0, 1, 1, 1, 0, 0, 0, 0, 0, 0, 0, 0, 0, 0, 0, 0, 0, 0, 0, 0, 0, 0, 0, 0, 0, 0, 0, 0, 0, 0, 0, 0, 0, 0, 0, 0, 0, 0, 0, 0, 0, 0, 0, 0, 0, 0, 0, 0, 0, 0, 0, 0, 0, 0, 0, 0, 0, 0, 0, 0, 0, 0, 0, 0, 0, 0, 0, 0, 0, 0, 0, 0, 0, 0, 0, 0, 0, 0, 0, 0, 0, 0, 0, 0, 0, 0, 0, 0, 0, 0, 0, 0, 0, 0, 0, 0, 0, 0, 0, 0, 0, 0, 0, 0, 0, 0, 0, 0, 0, 0, 0, 0, 0, 0, 0, 0, 0, 0, 0, 0, 0, 0, 0, 0, 0, 0, 0, 0, 0, 0, 0, 0, 0, 0, 0, 0, 0, 0, 0, 0, 0, 0, 0, 0, 0, 0, 0, 4, 0, 0, 0, 0, 0, 0, 0, 0, 0, 0, 0, 0, 0, 0, 0, 0, 0, 0, 0, 0, 0, 0, 0, 0, 0, 0, 0, 0, 0, 0, 0, 0, 0, 0, 0, 0, 0, 0, 0, 0, 0, 0, 0, 0, 0, 0, 0, 0, 0, 0, 0, 0, 0, 0, 0, 0, 0, 0, 0, 0, 0, 0, 0, 0, 0, 0, 0, 0, 0, 0, 0, 0, 0, 0, 0, 0, 0, 0, 0, 0, 0, 0, 0, 0, 0, 0, 0, 0, 0, 0, 0, 0, 0, 0, 0, 0, 
PG80_Start=0
PG80_End=255
[PG81]
PG81_Name=Reserved
PG81_Reserved=1
[PG82]
PG82_Name=Reserved
PG82_Reserved=1
[PG83]
PG83_Name=Reserved
PG83_Reserved=1
[PG84]
PG84_Name=Reserved
PG84_Reserved=1
[PG85]
PG85_Name=Reserved
PG85_Reserved=1
[PG86]
PG86_Name=Reserved
PG86_Reserved=1
[PG87]
PG87_Name=Reserved
PG87_Reserved=1
[PG88]
PG88_Name=Reserved
PG88_Reserved=1
[PG89]
PG89_Name=Reserved
PG89_Reserved=1
[PG8A]
PG8A_Name=Reserved
PG8A_Reserved=1
[PG8B]
PG8B_Name=Reserved
PG8B_Reserved=1
[PG8C]
PG8C_Name=Reserved
PG8C_Reserved=1
[PG8D]
PG8D_Name=Reserved
PG8D_Reserved=1
[PG8E]
PG8E_Name=Reserved
PG8E_Reserved=1
[PG8F]
PG8F_Name=Reserved
PG8F_Reserved=1
[PG90]
PG90_Name=Reserved
PG90_Reserved=1
[PG91]
PG91_Name=Reserved
PG91_Reserved=1
[PG92]
PG92_Name=Reserved
PG92_Reserved=1
[PG93]
PG93_Name=Reserved
PG93_Reserved=1
[PG94]
PG94_Name=Reserved
PG94_Reserved=1
[PG95]
PG95_Name=Reserved
PG95_Reserved=1
[PG96]
PG96_Name=Reserved
PG96_Reserved=1
[PG97]
PG97_Name=Reserved
PG97_Reserved=1
[PG98]
PG98_Name=Reserved
PG98_Reserved=1
[PG99]
PG99_Name=Reserved
PG99_Reserved=1
[PG9A]
PG9A_Name=Reserved
PG9A_Reserved=1
[PG9B]
PG9B_Name=Reserved
PG9B_Reserved=1
[PG9C]
PG9C_Name=Reserved
PG9C_Reserved=1
[PG9D]
PG9D_Name=Reserved
PG9D_Reserved=1
[PG9E]
PG9E_Name=Reserved
PG9E_Reserved=1
[PG9F]
PG9F_Name=Reserved
PG9F_Reserved=1
[PGA0]
PGA0_Name=Reserved
PGA0_Reserved=1
[PGA1]
PGA1_Name=Reserved
PGA1_Reserved=1
[PGA2]
PGA2_Name=Reserved
PGA2_Reserved=1
[PGA3]
PGA3_Name=Reserved
PGA3_Reserved=1
[PGA4]
PGA4_Name=Reserved
PGA4_Reserved=1
[PGA5]
PGA5_Name=Reserved
PGA5_Reserved=1
[PGA6]
PGA6_Name=Reserved
PGA6_Reserved=1
[PGA7]
PGA7_Name=Reserved
PGA7_Reserved=1
[PGA8]
PGA8_Name=Reserved
PGA8_Reserved=1
[PGA9]
PGA9_Name=Reserved
PGA9_Reserved=1
[PGAA]
PGAA_Name=Reserved
PGAA_Reserved=1
[PGAB]
PGAB_Name=Reserved
PGAB_Reserved=1
[PGAC]
PGAC_Name=Reserved
PGAC_Reserved=1
[PGAD]
PGAD_Name=Reserved
PGAD_Reserved=1
[PGAE]
PGAE_Name=Reserved
PGAE_Reserved=1
[PGAF]
PGAF_Name=Reserved
PGAF_Reserved=1
[PGB0]
PGB0_Name=Reserved
PGB0_Reserved=1
[PGB1]
PGB1_Name=Reserved
PGB1_Reserved=1
[PGB2]
PGB2_Name=Reserved
PGB2_Reserved=1
[PGB3]
PGB3_Name=Reserved
PGB3_Reserved=1
[PGB4]
PGB4_Name=Reserved
PGB4_Reserved=1
[PGB5]
PGB5_Name=D0 Port DisplayPort 1.2 Digital MAC / D0 Port DisplayPort 1.2 Digital MAC PLL / D0 Port DisplayPort 1.2 Digital MAC
PGB5_Reserved=0
PGB5_TypeArry=1, 1, 0, 0, 0, 0, 0, 0, 0, 0, 0, 0, 0, 0, 0, 0, 0, 0, 0, 0, 0, 0, 0, 0, 0, 0, 0, 0, 0, 0, 0, 0, 1, 1, 1, 1, 1, 1, 1, 0, 0, 0, 0, 0, 0, 0, 0, 0, 1, 1, 1, 1, 1, 1, 1, 1, 1, 1, 0, 0, 0, 0, 0, 0, 1, 1, 1, 1, 1, 1, 1, 1, 1, 1, 1, 1, 1, 1, 1, 1, 1, 1, 1, 1, 1, 1, 1, 1, 1, 1, 1, 1, 1, 1, 1, 1, 1, 1, 1, 0, 0, 0, 0, 0, 0, 0, 0, 0, 0, 0, 0, 0, 1, 1, 1, 1, 1, 1, 1, 1, 1, 0, 0, 0, 0, 0, 0, 0, 0, 0, 0, 0, 0, 0, 0, 0, 0, 0, 0, 0, 0, 0, 0, 0, 0, 0, 0, 0, 0, 0, 0, 0, 0, 0, 0, 0, 0, 0, 0, 4, 1, 1, 1, 1, 1, 1, 1, 1, 1, 1, 1, 1, 1, 1, 1, 1, 1, 1, 1, 1, 1, 1, 1, 1, 1, 1, 1, 1, 1, 1, 1, 1, 1, 1, 1, 1, 1, 1, 1, 1, 0, 0, 0, 0, 0, 0, 0, 0, 0, 0, 0, 0, 0, 0, 0, 0, 0, 0, 0, 0, 0, 0, 0, 0, 1, 1, 1, 0, 0, 0, 0, 0, 0, 0, 0, 0, 0, 0, 0, 0, 1, 1, 1, 1, 1, 1, 1, 1, 1, 1, 1, 0, 0, 0, 0, 0, 
PGB5_Start=0
PGB5_End=255
[PGB6]
PGB6_Name=D0 DisplayPort Video SEC DATA / D0 DisplayPort Audio SEC DATA
PGB6_Reserved=0
PGB6_TypeArry=1, 1, 1, 1, 0, 0, 0, 0, 1, 1, 1, 1, 1, 1, 1, 1, 1, 1, 1, 1, 1, 1, 1, 1, 1, 1, 1, 1, 1, 1, 1, 1, 1, 1, 1, 1, 1, 1, 1, 1, 1, 1, 1, 1, 1, 1, 0, 0, 1, 1, 1, 1, 1, 1, 1, 1, 1, 1, 1, 1, 0, 0, 0, 0, 1, 1, 1, 1, 1, 1, 1, 1, 1, 1, 1, 1, 1, 1, 1, 1, 1, 1, 1, 1, 1, 1, 1, 1, 1, 1, 1, 1, 1, 1, 1, 1, 1, 1, 1, 1, 1, 1, 1, 1, 1, 1, 1, 1, 1, 1, 1, 0, 1, 1, 1, 1, 1, 1, 1, 1, 1, 1, 1, 1, 1, 1, 1, 0, 1, 1, 1, 1, 1, 1, 1, 1, 1, 1, 1, 1, 1, 1, 1, 1, 1, 1, 1, 1, 1, 1, 1, 1, 1, 1, 1, 1, 1, 1, 0, 4, 1, 1, 1, 0, 0, 0, 0, 0, 0, 1, 1, 1, 1, 1, 1, 0, 1, 1, 1, 1, 1, 1, 1, 1, 1, 1, 1, 1, 0, 0, 0, 0, 1, 1, 0, 0, 0, 0, 0, 0, 0, 0, 0, 0, 0, 0, 0, 0, 0, 0, 0, 0, 0, 0, 0, 0, 0, 0, 0, 0, 0, 0, 0, 0, 0, 0, 0, 0, 0, 0, 0, 0, 0, 0, 0, 0, 0, 0, 0, 0, 0, 0, 0, 0, 0, 0, 0, 0, 0, 0, 0, 0, 1, 1, 1, 1, 
PGB6_Start=0
PGB6_End=255
[PGB7]
PGB7_Name=D0 Port DisplayPort 1.2 AUX Analog PHY / D0 Port DisplayPort 1.2 AUX Digital PHY / D0 Port DisplayPort 1.2 AUX / D0 Port DPCD Table / D0 Port DisplayPort 1.2 AUX
PGB7_Reserved=0
PGB7_TypeArry=0, 0, 0, 0, 0, 0, 0, 0, 0, 0, 0, 0, 0, 0, 0, 0, 0, 0, 0, 0, 0, 0, 0, 0, 0, 0, 0, 0, 0, 0, 0, 0, 0, 0, 0, 0, 0, 0, 0, 0, 0, 0, 0, 0, 0, 0, 0, 0, 0, 0, 0, 0, 0, 0, 0, 0, 0, 0, 0, 0, 0, 0, 0, 0, 0, 0, 0, 0, 0, 0, 0, 0, 0, 0, 0, 0, 0, 0, 0, 0, 0, 0, 0, 0, 0, 0, 0, 0, 0, 0, 0, 0, 0, 0, 0, 0, 1, 1, 1, 1, 1, 1, 1, 1, 0, 0, 0, 0, 0, 0, 0, 0, 1, 1, 1, 1, 1, 1, 1, 1, 1, 1, 1, 1, 1, 1, 1, 1, 0, 0, 0, 0, 0, 0, 0, 0, 0, 0, 0, 0, 0, 0, 0, 0, 0, 0, 0, 0, 0, 0, 0, 0, 0, 0, 0, 0, 0, 0, 0, 4, 1, 1, 1, 1, 1, 1, 0, 0, 0, 0, 0, 0, 0, 0, 0, 0, 0, 0, 0, 0, 1, 1, 1, 1, 1, 1, 1, 1, 1, 1, 1, 1, 1, 1, 1, 1, 1, 0, 1, 1, 0, 0, 0, 0, 0, 0, 0, 0, 1, 1, 1, 1, 1, 1, 1, 1, 1, 1, 1, 1, 1, 1, 1, 1, 0, 0, 0, 0, 0, 0, 0, 0, 0, 0, 0, 0, 0, 0, 0, 0, 1, 1, 1, 1, 1, 1, 1, 0, 0, 0, 1, 1, 0, 0, 0, 1, 
PGB7_Start=0
PGB7_End=255
[PGB8]
PGB8_Name=Reserved
PGB8_Reserved=1
[PGB9]
PGB9_Name=Reserved
PGB9_Reserved=1
[PGBA]
PGBA_Name=Reserved
PGBA_Reserved=1
[PGBB]
PGBB_Name=Reserved
PGBB_Reserved=1
[PGBC]
PGBC_Name=Reserved
PGBC_Reserved=1
[PGBD]
PGBD_Name=Reserved
PGBD_Reserved=1
[PGBE]
PGBE_Name=Reserved
PGBE_Reserved=1
[PGBF]
PGBF_Name=Reserved
PGBF_Reserved=1
[PGC0]
PGC0_Name=Audio Power Control / M1 Scan FIFO Frequency
PGC0_Reserved=0
PGC0_TypeArry=0, 0, 0, 0, 0, 0, 0, 0, 0, 0, 1, 0, 0, 1, 0, 0, 0, 0, 0, 0, 0, 0, 0, 0, 0, 0, 0, 0, 0, 0, 0, 0, 0, 0, 0, 0, 0, 0, 0, 0, 0, 0, 0, 0, 0, 0, 0, 0, 0, 0, 0, 0, 0, 0, 0, 0, 0, 0, 0, 0, 0, 0, 0, 0, 0, 0, 0, 0, 0, 0, 0, 0, 0, 0, 0, 0, 0, 0, 0, 0, 0, 0, 0, 0, 0, 0, 0, 0, 0, 0, 0, 0, 0, 0, 0, 0, 0, 0, 0, 0, 0, 0, 0, 0, 0, 0, 0, 0, 0, 0, 0, 0, 0, 0, 0, 0, 0, 0, 0, 0, 0, 0, 0, 0, 0, 0, 0, 0, 0, 0, 0, 0, 0, 0, 0, 0, 0, 0, 0, 0, 0, 0, 0, 0, 0, 0, 0, 0, 0, 0, 0, 0, 0, 0, 0, 0, 0, 0, 0, 4, 0, 0, 0, 0, 0, 0, 0, 0, 0, 0, 0, 0, 0, 0, 0, 0, 0, 0, 0, 0, 0, 0, 0, 0, 0, 0, 0, 0, 0, 0, 0, 0, 0, 0, 0, 0, 0, 0, 0, 0, 0, 0, 0, 0, 0, 0, 0, 0, 0, 0, 0, 0, 0, 0, 0, 0, 0, 0, 0, 0, 0, 0, 0, 0, 0, 0, 0, 0, 0, 0, 0, 0, 0, 0, 0, 0, 0, 0, 0, 0, 0, 0, 0, 0, 0, 0, 0, 0, 0, 0, 0, 0, 0, 0, 0, 0, 
PGC0_Start=0
PGC0_End=255
[PGC1]
PGC1_Name=Reserved
PGC1_Reserved=1
[PGC2]
PGC2_Name=Reserved
PGC2_Reserved=1
[PGC3]
PGC3_Name=Reserved
PGC3_Reserved=1
[PGC4]
PGC4_Name=Reserved
PGC4_Reserved=1
[PGC5]
PGC5_Name=Reserved
PGC5_Reserved=1
[PGC6]
PGC6_Name=Reserved
PGC6_Reserved=1
[PGC7]
PGC7_Name=Reserved
PGC7_Reserved=1
[PGC8]
PGC8_Name=Reserved
PGC8_Reserved=1
[PGC9]
PGC9_Name=Reserved
PGC9_Reserved=1
[PGCA]
PGCA_Name=Reserved
PGCA_Reserved=1
[PGCB]
PGCB_Name=Reserved
PGCB_Reserved=1
[PGCC]
PGCC_Name=Reserved
PGCC_Reserved=1
[PGCD]
PGCD_Name=Reserved
PGCD_Reserved=1
[PGCE]
PGCE_Name=Reserved
PGCE_Reserved=1
[PGCF]
PGCF_Name=Reserved
PGCF_Reserved=1
[PGD0]
PGD0_Name=Reserved
PGD0_Reserved=1
[PGD1]
PGD1_Name=Reserved
PGD1_Reserved=1
[PGD2]
PGD2_Name=Reserved
PGD2_Reserved=1
[PGD3]
PGD3_Name=Reserved
PGD3_Reserved=1
[PGD4]
PGD4_Name=Reserved
PGD4_Reserved=1
[PGD5]
PGD5_Name=Reserved
PGD5_Reserved=1
[PGD6]
PGD6_Name=Reserved
PGD6_Reserved=1
[PGD7]
PGD7_Name=Reserved
PGD7_Reserved=1
[PGD8]
PGD8_Name=Reserved
PGD8_Reserved=1
[PGD9]
PGD9_Name=Reserved
PGD9_Reserved=1
[PGDA]
PGDA_Name=Reserved
PGDA_Reserved=1
[PGDB]
PGDB_Name=Reserved
PGDB_Reserved=1
[PGDC]
PGDC_Name=Reserved
PGDC_Reserved=1
[PGDD]
PGDD_Name=Reserved
PGDD_Reserved=1
[PGDE]
PGDE_Name=Reserved
PGDE_Reserved=1
[PGDF]
PGDF_Name=Reserved
PGDF_Reserved=1
[PGE0]
PGE0_Name=Reserved
PGE0_Reserved=1
[PGE1]
PGE1_Name=Reserved
PGE1_Reserved=1
[PGE2]
PGE2_Name=Reserved
PGE2_Reserved=1
[PGE3]
PGE3_Name=Reserved
PGE3_Reserved=1
[PGE4]
PGE4_Name=Reserved
PGE4_Reserved=1
[PGE5]
PGE5_Name=Reserved
PGE5_Reserved=1
[PGE6]
PGE6_Name=Reserved
PGE6_Reserved=1
[PGE7]
PGE7_Name=Reserved
PGE7_Reserved=1
[PGE8]
PGE8_Name=Reserved
PGE8_Reserved=1
[PGE9]
PGE9_Name=Reserved
PGE9_Reserved=1
[PGEA]
PGEA_Name=Reserved
PGEA_Reserved=1
[PGEB]
PGEB_Name=Reserved
PGEB_Reserved=1
[PGEC]
PGEC_Name=Reserved
PGEC_Reserved=1
[PGED]
PGED_Name=Reserved
PGED_Reserved=1
[PGEE]
PGEE_Name=Reserved
PGEE_Reserved=1
[PGEF]
PGEF_Name=Reserved
PGEF_Reserved=1
[PGF0]
PGF0_Name=Reserved
PGF0_Reserved=1
[PGF1]
PGF1_Name=Reserved
PGF1_Reserved=1
[PGF2]
PGF2_Name=Reserved
PGF2_Reserved=1
[PGF3]
PGF3_Name=Reserved
PGF3_Reserved=1
[PGF4]
PGF4_Name=Reserved
PGF4_Reserved=1
[PGF5]
PGF5_Name=Reserved
PGF5_Reserved=1
[PGF6]
PGF6_Name=Reserved
PGF6_Reserved=1
[PGF7]
PGF7_Name=Reserved
PGF7_Reserved=1
[PGF8]
PGF8_Name=Reserved
PGF8_Reserved=1
[PGF9]
PGF9_Name=Reserved
PGF9_Reserved=1
[PGFA]
PGFA_Name=Reserved
PGFA_Reserved=1
[PGFB]
PGFB_Name=Reserved
PGFB_Reserved=1
[PGFC]
PGFC_Name=Reserved
PGFC_Reserved=1
[PGFD]
PGFD_Name=Cache Controller
PGFD_Reserved=0
PGFD_TypeArry=0, 0, 0, 0, 0, 0, 0, 0, 0, 0, 0, 0, 0, 0, 0, 0, 0, 0, 0, 0, 0, 0, 0, 0, 0, 0, 0, 0, 0, 0, 0, 0, 0, 0, 0, 0, 0, 0, 0, 0, 0, 0, 0, 0, 0, 0, 0, 0, 0, 0, 0, 0, 0, 0, 0, 0, 0, 0, 0, 0, 0, 0, 0, 0, 0, 0, 0, 0, 0, 0, 0, 0, 0, 0, 0, 0, 0, 0, 0, 0, 0, 0, 0, 0, 0, 0, 0, 0, 0, 0, 0, 0, 0, 0, 0, 0, 0, 0, 0, 0, 0, 0, 0, 0, 0, 0, 0, 0, 0, 0, 0, 0, 0, 0, 0, 0, 0, 0, 0, 0, 0, 0, 0, 0, 0, 0, 0, 0, 0, 0, 0, 0, 0, 0, 0, 0, 0, 0, 0, 0, 0, 0, 0, 0, 0, 0, 0, 0, 0, 0, 0, 0, 0, 0, 0, 0, 0, 0, 0, 4, 1, 1, 1, 1, 1, 1, 1, 1, 1, 1, 1, 1, 1, 1, 1, 1, 1, 1, 1, 1, 1, 1, 1, 1, 1, 1, 1, 1, 1, 1, 1, 1, 1, 1, 1, 1, 1, 1, 1, 1, 1, 1, 1, 1, 1, 0, 0, 0, 0, 0, 0, 0, 0, 0, 0, 0, 0, 0, 0, 0, 0, 0, 0, 0, 0, 0, 0, 0, 0, 0, 0, 0, 0, 0, 0, 0, 0, 0, 0, 0, 0, 0, 0, 0, 0, 0, 0, 0, 0, 0, 0, 0, 0, 0, 0, 0, 
PGFD_Start=0
PGFD_End=255
[PGFE]
PGFE_Name=EMCU GPIO Control / EMCU DDC Part 0 / EMCU DDC-CI Part 0 / EMCU DDCRAM Settings
PGFE_Reserved=0
PGFE_TypeArry=1, 1, 1, 1, 1, 1, 1, 1, 1, 1, 1, 1, 1, 1, 1, 1, 1, 1, 1, 1, 1, 1, 1, 1, 1, 1, 1, 1, 1, 1, 1, 1, 1, 1, 1, 1, 1, 1, 1, 1, 0, 0, 0, 0, 0, 0, 0, 0, 0, 0, 0, 0, 0, 0, 0, 0, 0, 0, 0, 0, 0, 0, 0, 0, 0, 0, 0, 0, 0, 0, 0, 0, 0, 0, 0, 0, 0, 0, 0, 0, 0, 0, 0, 0, 0, 0, 0, 0, 0, 0, 0, 0, 0, 0, 0, 0, 1, 1, 1, 1, 1, 1, 1, 1, 1, 1, 1, 0, 0, 0, 0, 0, 0, 0, 0, 0, 0, 0, 0, 0, 0, 0, 0, 0, 0, 0, 0, 0, 0, 0, 0, 0, 0, 0, 1, 1, 1, 1, 1, 1, 1, 1, 1, 1, 1, 1, 1, 1, 0, 0, 0, 0, 0, 0, 0, 0, 0, 0, 0, 4, 0, 0, 0, 0, 0, 0, 0, 0, 0, 0, 0, 0, 0, 0, 0, 0, 0, 1, 1, 1, 1, 0, 0, 0, 0, 0, 0, 0, 0, 0, 0, 0, 0, 0, 0, 0, 0, 0, 0, 0, 0, 0, 0, 0, 0, 0, 0, 0, 0, 0, 0, 0, 0, 0, 0, 0, 0, 0, 0, 0, 0, 0, 0, 0, 0, 0, 0, 0, 0, 0, 0, 0, 0, 0, 0, 0, 0, 0, 0, 0, 0, 0, 0, 0, 0, 0, 0, 0, 0, 0, 0, 0, 0, 0, 0, 0, 
PGFE_Start=0
PGFE_End=255
[PGFF]
PGFF_Name=EMCU Interrupt Control Part 1 / EMCU OSD Reorder Part 1 / EMCU LSADC / EMCU OSD Reorder Part 2 / EMCU DDC Part 1 / EMCU DDC-CI Part 1 / EMCU DDC Part 2 / EMCU PWM Part 1 / EMCU I2C Control Module / EMCU SPI-FLASH Part 1 / EMCU I2C Slave Module / EMCU PWM Part 2 / EMCU Watchdog Counter Part 1 / EMCU DDCCI Part 2 / EMCU Interrupt Control Part 0 / EMCU Test Mode / EMCU Interrupt Control Part 2 / EMCU SFR Access / EMCU DDC Part 3 / EMCU In System Programming Part 1 / EMCU Watchdog Timer Part 2 / EMCU In System Programming Part 2 / EMCU Xdata-SPI-FLASH Write Protect / EMCU Scalar Interface / EMCU Bankswitch
PGFF_Reserved=0
PGFF_TypeArry=1, 0, 0, 1, 1, 1, 1, 1, 1, 1, 1, 1, 1, 1, 1, 1, 1, 1, 1, 1, 1, 1, 1, 1, 1, 1, 1, 1, 1, 1, 1, 1, 1, 0, 1, 1, 1, 1, 1, 1, 1, 1, 1, 1, 1, 1, 1, 1, 1, 1, 1, 1, 1, 1, 1, 1, 1, 1, 1, 1, 1, 1, 1, 1, 1, 1, 1, 1, 1, 1, 1, 1, 1, 1, 1, 1, 1, 1, 1, 1, 1, 1, 1, 1, 1, 1, 1, 1, 1, 1, 1, 1, 1, 1, 1, 1, 1, 1, 1, 1, 1, 1, 1, 1, 1, 1, 1, 1, 1, 1, 1, 1, 1, 1, 1, 1, 1, 1, 1, 1, 1, 1, 1, 1, 1, 0, 0, 0, 1, 1, 1, 0, 0, 0, 0, 0, 0, 0, 0, 0, 0, 0, 0, 0, 1, 1, 1, 1, 1, 1, 1, 1, 1, 1, 1, 1, 1, 0, 0, 4, 0, 0, 0, 0, 0, 0, 0, 0, 0, 0, 1, 1, 1, 1, 1, 1, 1, 1, 1, 1, 0, 0, 0, 0, 1, 1, 0, 1, 1, 1, 1, 0, 0, 0, 1, 1, 1, 0, 0, 0, 0, 0, 0, 0, 0, 0, 0, 0, 0, 0, 0, 0, 0, 0, 0, 0, 0, 0, 0, 0, 0, 0, 0, 0, 0, 0, 1, 1, 1, 1, 0, 1, 1, 1, 1, 1, 1, 1, 1, 1, 1, 1, 1, 1, 1, 1, 1, 1, 1, 1, 1, 1, 1, 1, 1, 1, 
PGFF_Start=0
PGFF_End=255
[PT0025]
Length=72
Address=36
MoveLeftBit=0
And=128
Cmd=
Type=0
TypeArry=1, 1, 1, 1, 1, 1, 1, 1, 0, 0, 0, 0, 0, 0, 0, 0, 1, 1, 1, 1, 1, 1, 1, 1, 0, 0, 0, 0, 0, 0, 0, 0, 0, 0, 0, 0, 0, 0, 0, 0, 0, 0, 0, 0, 0, 0, 0, 0, 0, 0, 0, 0, 0, 0, 0, 0, 0, 0, 0, 0, 0, 0, 0, 0, 0, 0, 0, 0, 0, 0, 1, 1, 
[PT002B]
Length=73
Address=42
MoveLeftBit=0
And=0
Cmd=
Type=0
TypeArry=1, 1, 1, 1, 1, 1, 1, 1, 1, 1, 1, 1, 1, 1, 1, 1, 1, 1, 1, 1, 1, 1, 0, 0, 0, 0, 0, 0, 0, 0, 0, 0, 1, 1, 1, 1, 0, 1, 1, 1, 1, 1, 0, 0, 0, 0, 0, 0, 1, 1, 1, 1, 1, 1, 1, 1, 1, 1, 0, 0, 0, 0, 0, 0, 1, 1, 0, 0, 0, 0, 0, 0, 1, 
[PT0031]
Length=3
Address=48
MoveLeftBit=0
And=224
Cmd=
Type=0
TypeArry=1, 1, 1, 
[PT0034]
Length=20
Address=51
MoveLeftBit=0
And=224
Cmd=
Type=0
TypeArry=1, 1, 1, 1, 1, 1, 0, 0, 0, 0, 0, 0, 0, 0, 0, 0, 1, 1, 0, 1, 
[PT005D]
Length=26
Address=92
MoveLeftBit=0
And=224
Cmd=
Type=0
TypeArry=1, 1, 1, 1, 1, 1, 1, 1, 1, 1, 1, 1, 1, 1, 1, 1, 1, 1, 1, 1, 1, 1, 0, 0, 1, 1, 
[PT0061]
Length=17
Address=96
MoveLeftBit=0
And=224
Cmd=
Type=0
TypeArry=1, 1, 1, 1, 1, 1, 1, 1, 1, 1, 1, 1, 1, 1, 1, 1, 1, 
[PT0065]
Length=41
Address=100
MoveLeftBit=0
And=0
Cmd=
Type=0
TypeArry=1, 1, 1, 1, 1, 1, 1, 1, 1, 1, 1, 1, 0, 0, 0, 0, 0, 0, 0, 0, 0, 0, 0, 0, 0, 0, 0, 0, 0, 0, 0, 0, 0, 0, 0, 0, 0, 0, 1, 0, 1, 
[PT0069]
Length=14
Address=107
MoveLeftBit=0
And=0
Cmd=0x03, 0x9F, 0x00, 0x04, 0x6A, 0x3F, 0x00,
Type=0
TypeArry=1, 0, 1, 0, 0, 0, 0, 0, 0, 0, 0, 0, 0, 1, 
[PT006D]
Length=3
Address=0
MoveLeftBit=0
And=255
Cmd=0x03, 0x9F, 0x00, 0x04, 0x6C, 0xDF, 0x00, 0x04, 0x6C, 0xDF, 0x20,
Type=2
TypeArry=1, 1, 1, 
[PT008E]
Length=49
Address=141
MoveLeftBit=0
And=0
Cmd=
Type=0
TypeArry=1, 1, 1, 1, 1, 1, 1, 1, 1, 1, 1, 1, 0, 0, 0, 0, 1, 0, 0, 0, 0, 0, 0, 0, 0, 0, 0, 0, 0, 0, 0, 0, 1, 1, 1, 1, 0, 0, 0, 1, 1, 1, 0, 0, 0, 0, 0, 0, 1, 
[PT0099]
Length=11
Address=152
MoveLeftBit=4
And=15
Cmd=
Type=1
PTPG_PageCount=2
PTPG_PageSelect=152
PTPG_MoveLeftBit=0
PTPG_And=254
PTPG_Cmd=
PT0099_PG00_Name=Page 00
PT0099_PG00_Length=10
PT0099_PG00_TypeArry=0, 1, 1, 1, 1, 1, 1, 1, 1, 1, 
PT0099_PG01_Name=Page 01
PT0099_PG01_Length=11
PT0099_PG01_TypeArry=0, 1, 1, 1, 1, 1, 1, 1, 1, 1, 1, 
[PT009D]
Length=18
Address=0
MoveLeftBit=0
And=255
Cmd=0x03, 0x9F, 0x00, 0x04, 0x9C, 0xF7, 0x00, 0x04, 0x9C, 0xF7, 0x08,
Type=2
TypeArry=1, 1, 1, 1, 1, 1, 1, 1, 1, 1, 1, 1, 1, 1, 1, 1, 1, 1, 
[PT023A]
Length=256
Address=569
MoveLeftBit=0
And=0
Cmd=
Type=0
TypeArry=0, 1, 1, 0, 0, 0, 0, 0, 0, 0, 0, 0, 0, 0, 0, 0, 1, 1, 0, 0, 0, 0, 0, 0, 0, 0, 0, 0, 0, 0, 0, 0, 1, 1, 0, 0, 0, 0, 0, 0, 0, 0, 0, 0, 0, 0, 0, 0, 1, 0, 0, 0, 0, 0, 0, 0, 0, 0, 0, 0, 0, 0, 0, 0, 1, 1, 0, 0, 0, 0, 0, 0, 0, 0, 0, 0, 0, 0, 0, 0, 1, 1, 1, 1, 1, 1, 1, 0, 0, 0, 0, 0, 0, 0, 0, 0, 0, 0, 0, 0, 0, 0, 0, 0, 0, 0, 0, 0, 0, 0, 0, 0, 0, 0, 0, 0, 0, 0, 0, 0, 0, 0, 0, 0, 0, 0, 0, 0, 0, 0, 0, 0, 0, 0, 0, 0, 0, 0, 0, 0, 0, 0, 0, 0, 0, 0, 0, 0, 0, 0, 0, 0, 0, 0, 0, 0, 0, 0, 0, 0, 0, 0, 0, 0, 0, 0, 0, 0, 0, 0, 0, 0, 0, 0, 0, 0, 0, 0, 0, 0, 0, 0, 0, 0, 0, 0, 0, 0, 0, 0, 0, 0, 1, 0, 0, 0, 0, 0, 0, 0, 0, 0, 0, 0, 0, 0, 0, 0, 1, 1, 1, 1, 1, 1, 1, 1, 1, 1, 1, 1, 1, 1, 1, 1, 1, 1, 1, 1, 1, 1, 1, 1, 1, 1, 1, 1, 1, 1, 1, 1, 1, 1, 1, 1, 1, 1, 1, 1, 1, 1, 1, 1, 1, 1, 1, 1, 
[PT02C4]
Length=195
Address=707
MoveLeftBit=0
And=0
Cmd=
Type=0
TypeArry=1, 1, 1, 1, 1, 0, 0, 0, 1, 1, 1, 0, 0, 0, 0, 0, 1, 1, 1, 1, 1, 1, 0, 0, 1, 1, 1, 1, 1, 1, 1, 1, 0, 0, 0, 0, 0, 0, 0, 0, 0, 0, 0, 0, 0, 0, 0, 0, 0, 0, 0, 0, 0, 0, 0, 0, 0, 0, 0, 0, 0, 0, 0, 0, 1, 0, 1, 1, 0, 0, 0, 0, 0, 0, 0, 0, 0, 0, 0, 0, 1, 0, 0, 0, 0, 0, 0, 0, 0, 0, 0, 0, 0, 0, 0, 0, 1, 0, 0, 0, 0, 0, 0, 0, 0, 0, 0, 0, 0, 0, 0, 0, 1, 1, 0, 0, 0, 0, 0, 0, 0, 0, 0, 0, 0, 0, 0, 0, 1, 0, 0, 0, 0, 0, 0, 0, 0, 0, 0, 0, 0, 0, 0, 0, 0, 0, 0, 0, 0, 0, 0, 0, 0, 0, 0, 0, 0, 0, 0, 0, 0, 0, 0, 0, 0, 0, 0, 0, 0, 0, 0, 0, 0, 0, 0, 0, 0, 0, 0, 0, 0, 0, 0, 0, 0, 0, 0, 0, 0, 0, 0, 0, 1, 1, 1, 
[PT02CA]
Length=185
Address=713
MoveLeftBit=0
And=0
Cmd=0x03, 0x9F, 0x02, 0x04, 0xC8, 0xFE, 0x01,
Type=0
TypeArry=1, 1, 1, 1, 1, 1, 1, 1, 1, 1, 1, 1, 1, 1, 1, 0, 1, 1, 1, 1, 1, 1, 1, 1, 1, 1, 1, 1, 1, 1, 1, 1, 1, 1, 1, 1, 1, 1, 1, 1, 1, 1, 1, 1, 1, 1, 1, 0, 1, 1, 1, 1, 1, 1, 1, 0, 1, 1, 1, 1, 1, 1, 1, 1, 1, 1, 1, 1, 1, 1, 1, 1, 1, 1, 1, 0, 0, 0, 0, 0, 1, 1, 1, 1, 1, 1, 1, 1, 1, 1, 1, 1, 0, 0, 0, 0, 1, 1, 1, 1, 1, 0, 0, 0, 0, 0, 0, 0, 0, 0, 0, 0, 1, 1, 1, 0, 0, 0, 0, 0, 0, 0, 0, 0, 0, 0, 0, 0, 1, 1, 1, 1, 1, 1, 1, 1, 1, 0, 1, 1, 1, 1, 1, 1, 1, 1, 1, 1, 1, 1, 1, 1, 1, 1, 1, 1, 1, 1, 1, 1, 0, 0, 0, 0, 1, 1, 1, 1, 1, 1, 1, 1, 0, 0, 1, 1, 1, 1, 1, 1, 1, 1, 1, 1, 1, 
[PT07CA]
Length=31
Address=1993
MoveLeftBit=0
And=0
Cmd=
Type=1
PTPG_PageCount=2
PTPG_PageSelect=1991
PTPG_MoveLeftBit=0
PTPG_And=252
PTPG_Cmd=
PT07CA_PG00_Name=Page 00
PT07CA_PG00_Length=31
PT07CA_PG00_TypeArry=1, 1, 1, 0, 0, 0, 1, 1, 1, 0, 0, 0, 1, 0, 1, 1, 1, 1, 1, 1, 1, 1, 1, 0, 0, 0, 0, 0, 0, 0, 1, 
PT07CA_PG01_Name=Page 01
PT07CA_PG01_Length=19
PT07CA_PG01_TypeArry=1, 1, 1, 1, 1, 1, 1, 1, 1, 1, 1, 1, 1, 1, 1, 1, 0, 0, 1, 
[PT07D3]
Length=111
Address=2002
MoveLeftBit=0
And=0
Cmd=
Type=0
TypeArry=0, 0, 0, 1, 1, 1, 1, 1, 1, 1, 1, 1, 1, 1, 1, 1, 1, 1, 1, 1, 1, 1, 1, 1, 1, 1, 1, 1, 1, 1, 1, 1, 1, 1, 1, 1, 1, 1, 1, 1, 1, 1, 1, 1, 1, 1, 1, 1, 1, 1, 1, 1, 1, 1, 1, 1, 1, 1, 1, 1, 1, 1, 1, 1, 1, 1, 1, 1, 1, 1, 1, 1, 1, 1, 1, 1, 1, 1, 1, 1, 1, 1, 1, 1, 1, 1, 1, 1, 1, 1, 1, 1, 1, 1, 1, 1, 1, 1, 1, 1, 1, 1, 1, 1, 1, 1, 1, 1, 1, 1, 1, 
[PT07D7]
Length=6
Address=2006
MoveLeftBit=0
And=248
Cmd=
Type=0
TypeArry=1, 1, 1, 1, 1, 1, 
[PT07D9]
Length=42
Address=2008
MoveLeftBit=2
And=3
Cmd=
Type=0
TypeArry=1, 1, 1, 1, 1, 1, 1, 1, 1, 1, 1, 1, 1, 1, 1, 1, 1, 1, 1, 1, 1, 1, 1, 1, 1, 1, 1, 1, 1, 1, 1, 1, 1, 1, 1, 1, 1, 1, 1, 1, 1, 1, 
[PT15A4]
Length=235
Address=5539
MoveLeftBit=0
And=0
Cmd=
Type=0
TypeArry=1, 1, 1, 1, 1, 1, 1, 1, 1, 1, 0, 0, 0, 0, 0, 0, 0, 0, 0, 0, 0, 0, 0, 0, 0, 0, 0, 0, 0, 0, 0, 0, 0, 0, 0, 0, 0, 0, 0, 0, 0, 0, 0, 0, 0, 0, 0, 0, 0, 0, 0, 0, 0, 0, 0, 0, 0, 0, 0, 0, 0, 0, 0, 0, 0, 0, 0, 0, 0, 0, 0, 0, 0, 0, 0, 0, 0, 0, 0, 0, 0, 0, 0, 0, 0, 0, 0, 0, 0, 0, 0, 0, 0, 0, 0, 0, 0, 0, 0, 0, 0, 0, 0, 0, 0, 0, 0, 0, 0, 0, 0, 0, 0, 0, 0, 0, 0, 0, 0, 0, 0, 0, 0, 0, 0, 0, 0, 0, 1, 1, 1, 1, 1, 1, 1, 1, 1, 1, 0, 0, 0, 0, 0, 0, 1, 1, 1, 1, 1, 1, 1, 1, 1, 1, 0, 0, 0, 0, 0, 0, 1, 1, 1, 1, 1, 1, 1, 1, 1, 1, 0, 0, 0, 0, 0, 0, 0, 0, 0, 0, 0, 0, 0, 0, 0, 0, 0, 0, 0, 0, 0, 0, 1, 1, 1, 1, 1, 1, 1, 1, 1, 1, 1, 0, 0, 0, 0, 0, 1, 1, 1, 1, 1, 1, 1, 1, 1, 1, 1, 0, 0, 0, 0, 0, 1, 1, 1, 1, 1, 1, 1, 1, 1, 1, 1, 
[PT28AD]
Length=176
Address=10412
MoveLeftBit=0
And=128
Cmd=
Type=0
TypeArry=1, 1, 1, 1, 1, 1, 1, 1, 1, 1, 1, 1, 1, 1, 1, 1, 0, 0, 0, 0, 0, 0, 0, 0, 0, 0, 0, 0, 0, 0, 0, 0, 1, 1, 1, 1, 1, 1, 1, 1, 0, 0, 0, 0, 0, 0, 0, 0, 1, 1, 1, 1, 1, 1, 1, 1, 0, 0, 0, 0, 0, 0, 0, 0, 1, 1, 1, 1, 1, 1, 1, 1, 1, 1, 1, 1, 1, 1, 1, 1, 1, 1, 1, 1, 1, 1, 1, 1, 1, 1, 1, 1, 1, 1, 1, 1, 0, 0, 0, 0, 0, 0, 0, 0, 0, 0, 0, 0, 0, 0, 0, 0, 0, 0, 0, 0, 0, 0, 0, 0, 0, 0, 0, 0, 0, 0, 0, 0, 1, 1, 1, 1, 1, 1, 1, 1, 1, 1, 1, 1, 1, 1, 1, 1, 1, 1, 1, 1, 1, 1, 1, 1, 1, 1, 1, 1, 1, 1, 1, 1, 1, 1, 1, 1, 1, 1, 1, 1, 1, 1, 1, 1, 1, 1, 1, 1, 
[PT28FC]
Length=76
Address=10491
MoveLeftBit=0
And=0
Cmd=
Type=0
TypeArry=1, 1, 1, 1, 1, 0, 0, 0, 1, 1, 1, 1, 1, 1, 1, 0, 1, 1, 1, 1, 1, 1, 1, 1, 1, 0, 0, 0, 0, 0, 0, 0, 1, 1, 1, 1, 1, 1, 1, 1, 0, 0, 0, 0, 0, 0, 0, 0, 1, 1, 1, 0, 0, 0, 0, 0, 0, 0, 0, 0, 0, 0, 0, 0, 1, 1, 1, 0, 0, 1, 1, 1, 1, 1, 1, 1, 
[PT29AD]
Length=176
Address=10668
MoveLeftBit=0
And=128
Cmd=
Type=0
TypeArry=1, 1, 1, 1, 1, 1, 1, 1, 1, 1, 1, 1, 1, 1, 1, 1, 0, 0, 0, 0, 0, 0, 0, 0, 0, 0, 0, 0, 0, 0, 0, 0, 1, 1, 1, 1, 1, 1, 1, 1, 0, 0, 0, 0, 0, 0, 0, 0, 1, 1, 1, 1, 1, 1, 1, 1, 0, 0, 0, 0, 0, 0, 0, 0, 1, 1, 1, 1, 1, 1, 1, 1, 1, 1, 1, 1, 1, 1, 1, 1, 1, 1, 1, 1, 1, 1, 1, 1, 1, 1, 1, 1, 1, 1, 1, 1, 0, 0, 0, 0, 0, 0, 0, 0, 0, 0, 0, 0, 0, 0, 0, 0, 0, 0, 0, 0, 0, 0, 0, 0, 0, 0, 0, 0, 0, 0, 0, 0, 1, 1, 1, 1, 1, 1, 1, 1, 1, 1, 1, 1, 1, 1, 1, 1, 1, 1, 1, 1, 1, 1, 1, 1, 1, 1, 1, 1, 1, 1, 1, 1, 1, 1, 1, 1, 1, 1, 1, 1, 1, 1, 1, 1, 1, 1, 1, 1, 
[PT29FC]
Length=76
Address=10747
MoveLeftBit=0
And=0
Cmd=
Type=0
TypeArry=1, 1, 1, 1, 1, 0, 0, 0, 1, 1, 1, 1, 1, 1, 1, 0, 1, 1, 1, 1, 1, 1, 1, 1, 1, 0, 0, 0, 0, 0, 0, 0, 1, 1, 1, 1, 1, 1, 1, 1, 0, 0, 0, 0, 0, 0, 0, 0, 1, 1, 1, 0, 0, 0, 0, 0, 0, 0, 0, 0, 0, 0, 0, 0, 1, 1, 1, 0, 0, 1, 1, 1, 1, 1, 1, 1, 
[PT6162]
Length=248
Address=0
MoveLeftBit=0
And=255
Cmd=
Type=1
PTPG_PageCount=2
PTPG_PageSelect=24834
PTPG_MoveLeftBit=3
PTPG_And=247
PTPG_Cmd=
PT6162_PG00_Name=Page 00
PT6162_PG00_Length=248
PT6162_PG00_TypeArry=0, 0, 0, 0, 0, 0, 0, 0, 0, 0, 0, 0, 0, 0, 0, 0, 0, 0, 0, 0, 0, 0, 0, 0, 0, 0, 0, 0, 0, 0, 0, 0, 0, 0, 0, 0, 0, 0, 0, 0, 0, 0, 0, 0, 0, 0, 0, 0, 0, 0, 0, 0, 0, 0, 0, 0, 0, 0, 0, 0, 0, 0, 0, 0, 0, 0, 0, 0, 0, 0, 0, 0, 0, 0, 0, 0, 0, 0, 0, 0, 0, 0, 0, 0, 0, 0, 0, 0, 0, 0, 0, 0, 0, 0, 0, 0, 0, 0, 0, 0, 0, 0, 0, 0, 0, 0, 0, 0, 0, 0, 0, 0, 0, 0, 0, 0, 0, 0, 0, 0, 0, 0, 0, 0, 0, 0, 0, 0, 0, 0, 0, 0, 0, 0, 0, 0, 0, 0, 0, 0, 0, 0, 0, 0, 0, 0, 0, 0, 0, 0, 0, 0, 0, 0, 0, 0, 0, 0, 0, 0, 0, 0, 0, 0, 0, 0, 0, 0, 0, 0, 0, 0, 0, 0, 0, 0, 0, 0, 0, 0, 0, 0, 0, 0, 0, 0, 0, 0, 0, 0, 0, 0, 0, 0, 0, 0, 0, 0, 0, 0, 0, 0, 0, 0, 0, 0, 0, 0, 0, 0, 0, 0, 0, 0, 0, 0, 0, 0, 0, 0, 0, 0, 0, 0, 1, 1, 1, 1, 1, 1, 1, 1, 0, 0, 0, 0, 0, 0, 0, 0, 1, 1, 1, 1, 1, 1, 1, 1, 
PT6162_PG01_Name=Page 01
PT6162_PG01_Length=226
PT6162_PG01_TypeArry=0, 0, 0, 0, 0, 0, 0, 0, 0, 0, 0, 0, 0, 0, 0, 0, 0, 0, 0, 0, 0, 0, 0, 0, 0, 0, 0, 0, 0, 0, 0, 0, 0, 0, 0, 0, 0, 0, 0, 0, 0, 0, 0, 0, 0, 0, 0, 0, 0, 0, 0, 0, 0, 0, 0, 0, 0, 0, 0, 0, 0, 0, 0, 0, 0, 0, 0, 0, 0, 0, 0, 0, 0, 0, 0, 0, 0, 0, 0, 0, 0, 0, 0, 0, 0, 0, 0, 0, 0, 0, 0, 0, 0, 0, 0, 0, 0, 0, 0, 0, 0, 0, 0, 0, 0, 0, 0, 0, 0, 0, 0, 0, 0, 0, 0, 0, 0, 0, 0, 0, 0, 0, 0, 0, 0, 0, 0, 0, 0, 0, 0, 0, 0, 0, 0, 0, 0, 0, 0, 0, 0, 0, 0, 0, 0, 0, 0, 0, 0, 0, 0, 0, 0, 0, 0, 0, 0, 0, 0, 0, 0, 0, 0, 0, 0, 0, 0, 0, 0, 0, 0, 0, 0, 0, 0, 0, 0, 0, 0, 0, 0, 0, 0, 0, 0, 0, 0, 0, 0, 0, 0, 0, 0, 0, 0, 0, 0, 0, 0, 0, 0, 0, 0, 0, 0, 0, 0, 0, 0, 0, 0, 0, 0, 0, 0, 0, 0, 0, 0, 0, 0, 0, 0, 0, 1, 1, 
[OSD_0092]
Data=146
Count=190
AddrM=144
MoveM=0
AndM=128
AddrL=145
MoveL=0
AndL=0
Cmd=0x03, 0x9F, 0x00, 0x04, 0x94, 0xF3, 0x00,
Addr&TypeArray0=0100&1, 1, 1, 
Addr&TypeArray1=0101&1, 1, 1, 
Addr&TypeArray2=0102&1, 1, 1, 
Addr&TypeArray3=0103&1, 1, 1, 
Addr&TypeArray4=0104&1, 1, 1, 
Addr&TypeArray5=0105&1, 1, 1, 
Addr&TypeArray6=0106&1, 1, 1, 
Addr&TypeArray7=0107&1, 1, 1, 
Addr&TypeArray8=0108&1, 1, 1, 
Addr&TypeArray9=0109&1, 1, 1, 
Addr&TypeArray10=010A&1, 1, 1, 
Addr&TypeArray11=010B&1, 1, 1, 
Addr&TypeArray12=010C&1, 1, 1, 
Addr&TypeArray13=010D&1, 1, 1, 
Addr&TypeArray14=010E&1, 1, 1, 
Addr&TypeArray15=010F&1, 1, 1, 
Addr&TypeArray16=0110&1, 1, 1, 
Addr&TypeArray17=0111&1, 1, 1, 
Addr&TypeArray18=0112&1, 1, 1, 
Addr&TypeArray19=0113&1, 1, 1, 
Addr&TypeArray20=0114&1, 1, 1, 
Addr&TypeArray21=0115&1, 1, 1, 
Addr&TypeArray22=0116&1, 1, 1, 
Addr&TypeArray23=0117&1, 1, 1, 
Addr&TypeArray24=0118&1, 1, 1, 
Addr&TypeArray25=0119&1, 1, 1, 
Addr&TypeArray26=011A&1, 1, 1, 
Addr&TypeArray27=011B&1, 1, 1, 
Addr&TypeArray28=011C&1, 1, 1, 
Addr&TypeArray29=011D&1, 1, 1, 
Addr&TypeArray30=011E&1, 1, 1, 
Addr&TypeArray31=011F&1, 1, 1, 
Addr&TypeArray32=0120&1, 1, 1, 
Addr&TypeArray33=0121&1, 1, 1, 
Addr&TypeArray34=0122&1, 1, 1, 
Addr&TypeArray35=0123&1, 1, 1, 
Addr&TypeArray36=0124&1, 1, 1, 
Addr&TypeArray37=0125&1, 1, 1, 
Addr&TypeArray38=0126&1, 1, 1, 
Addr&TypeArray39=0127&1, 1, 1, 
Addr&TypeArray40=0150&1, 1, 1, 
Addr&TypeArray41=015A&1, 1, 1, 
Addr&TypeArray42=015C&1, 1, 1, 
Addr&TypeArray43=015E&1, 1, 1, 
Addr&TypeArray44=0160&1, 1, 1, 
Addr&TypeArray45=0161&1, 1, 1, 
Addr&TypeArray46=0162&1, 1, 1, 
Addr&TypeArray47=0163&1, 1, 1, 
Addr&TypeArray48=0164&1, 1, 1, 
Addr&TypeArray49=0166&1, 1, 1, 
Addr&TypeArray50=0168&1, 1, 1, 
Addr&TypeArray51=016A&1, 1, 1, 
Addr&TypeArray52=016C&1, 1, 1, 
Addr&TypeArray53=016E&1, 1, 1, 
Addr&TypeArray54=0170&1, 1, 1, 
Addr&TypeArray55=0172&1, 1, 1, 
Addr&TypeArray56=0174&1, 1, 1, 
Addr&TypeArray57=0176&1, 1, 1, 
Addr&TypeArray58=0177&1, 1, 1, 
Addr&TypeArray59=0178&1, 1, 1, 
Addr&TypeArray60=017E&1, 1, 1, 
Addr&TypeArray61=0183&1, 1, 1, 
Addr&TypeArray62=0184&1, 1, 1, 
Addr&TypeArray63=0185&1, 1, 1, 
Addr&TypeArray64=018A&1, 1, 1, 
Addr&TypeArray65=018B&1, 1, 1, 
Addr&TypeArray66=018C&1, 1, 1, 
Addr&TypeArray67=0191&1, 1, 1, 
Addr&TypeArray68=0192&1, 1, 1, 
Addr&TypeArray69=0193&1, 1, 1, 
Addr&TypeArray70=0197&1, 1, 1, 
Addr&TypeArray71=0199&1, 1, 1, 
Addr&TypeArray72=019A&1, 1, 1, 
Addr&TypeArray73=019B&1, 1, 1, 
Addr&TypeArray74=019E&1, 1, 1, 
Addr&TypeArray75=01A0&1, 1, 1, 
Addr&TypeArray76=01A1&1, 1, 1, 
Addr&TypeArray77=01A5&1, 1, 1, 
Addr&TypeArray78=01A7&1, 1, 1, 
Addr&TypeArray79=01A8&1, 1, 1, 
Addr&TypeArray80=01AC&1, 1, 1, 
Addr&TypeArray81=01AE&1, 1, 1, 
Addr&TypeArray82=01AF&1, 1, 1, 
Addr&TypeArray83=01B3&1, 1, 1, 
Addr&TypeArray84=01B5&1, 1, 1, 
Addr&TypeArray85=01B6&1, 1, 1, 
Addr&TypeArray86=01BD&1, 1, 1, 
Addr&TypeArray87=01BE&1, 1, 1, 
Addr&TypeArray88=01C4&1, 1, 1, 
Addr&TypeArray89=01C5&1, 1, 1, 
Addr&TypeArray90=01CB&1, 1, 1, 
Addr&TypeArray91=01CC&1, 1, 1, 
Addr&TypeArray92=01D2&1, 1, 1, 
Addr&TypeArray93=01D3&1, 1, 1, 
Addr&TypeArray94=01D9&1, 1, 1, 
Addr&TypeArray95=01DA&1, 1, 1, 
Addr&TypeArray96=01E0&1, 1, 1, 
Addr&TypeArray97=01E1&1, 1, 1, 
Addr&TypeArray98=01E7&1, 1, 1, 
Addr&TypeArray99=01E8&1, 1, 1, 
Addr&TypeArray100=01EE&1, 1, 1, 
Addr&TypeArray101=01EF&1, 1, 1, 
Addr&TypeArray102=0200&1, 1, 1, 
Addr&TypeArray103=0201&1, 1, 1, 
Addr&TypeArray104=0202&1, 1, 1, 
Addr&TypeArray105=0203&1, 1, 1, 
Addr&TypeArray106=0204&1, 1, 1, 
Addr&TypeArray107=0205&1, 1, 1, 
Addr&TypeArray108=0206&1, 1, 1, 
Addr&TypeArray109=0207&1, 1, 1, 
Addr&TypeArray110=0208&1, 1, 1, 
Addr&TypeArray111=0209&1, 1, 1, 
Addr&TypeArray112=020A&1, 1, 1, 
Addr&TypeArray113=020B&1, 1, 1, 
Addr&TypeArray114=020C&1, 1, 1, 
Addr&TypeArray115=020D&1, 1, 1, 
Addr&TypeArray116=020E&1, 1, 1, 
Addr&TypeArray117=020F&1, 1, 1, 
Addr&TypeArray118=0210&1, 1, 1, 
Addr&TypeArray119=0211&1, 1, 1, 
Addr&TypeArray120=0212&1, 1, 1, 
Addr&TypeArray121=0213&1, 1, 1, 
Addr&TypeArray122=0214&1, 1, 1, 
Addr&TypeArray123=0215&1, 1, 1, 
Addr&TypeArray124=0216&1, 1, 1, 
Addr&TypeArray125=0217&1, 1, 1, 
Addr&TypeArray126=0218&1, 1, 1, 
Addr&TypeArray127=0219&1, 1, 1, 
Addr&TypeArray128=021A&1, 1, 1, 
Addr&TypeArray129=021B&1, 1, 1, 
Addr&TypeArray130=021C&1, 1, 1, 
Addr&TypeArray131=021D&1, 1, 1, 
Addr&TypeArray132=021E&1, 1, 1, 
Addr&TypeArray133=021F&1, 1, 1, 
Addr&TypeArray134=0220&1, 1, 1, 
Addr&TypeArray135=0221&1, 1, 1, 
Addr&TypeArray136=0222&1, 1, 1, 
Addr&TypeArray137=0223&1, 1, 1, 
Addr&TypeArray138=0224&1, 1, 1, 
Addr&TypeArray139=0225&1, 1, 1, 
Addr&TypeArray140=0226&1, 1, 1, 
Addr&TypeArray141=0227&1, 1, 1, 
Addr&TypeArray142=0228&1, 1, 1, 
Addr&TypeArray143=0229&1, 1, 1, 
Addr&TypeArray144=022A&1, 1, 1, 
Addr&TypeArray145=022B&1, 1, 1, 
Addr&TypeArray146=022C&1, 1, 1, 
Addr&TypeArray147=022D&1, 1, 1, 
Addr&TypeArray148=022E&1, 1, 1, 
Addr&TypeArray149=022F&1, 1, 1, 
Addr&TypeArray150=0230&1, 1, 1, 
Addr&TypeArray151=0231&1, 1, 1, 
Addr&TypeArray152=0232&1, 1, 1, 
Addr&TypeArray153=0233&1, 1, 1, 
Addr&TypeArray154=0234&1, 1, 1, 
Addr&TypeArray155=0235&1, 1, 1, 
Addr&TypeArray156=0236&1, 1, 1, 
Addr&TypeArray157=0237&1, 1, 1, 
Addr&TypeArray158=0238&1, 1, 1, 
Addr&TypeArray159=0239&1, 1, 1, 
Addr&TypeArray160=023A&1, 1, 1, 
Addr&TypeArray161=023B&1, 1, 1, 
Addr&TypeArray162=023C&1, 1, 1, 
Addr&TypeArray163=023D&1, 1, 1, 
Addr&TypeArray164=023E&1, 1, 1, 
Addr&TypeArray165=023F&1, 1, 1, 
Addr&TypeArray166=02A0&1, 1, 1, 
Addr&TypeArray167=02A5&1, 1, 1, 
Addr&TypeArray168=02A6&1, 1, 1, 
Addr&TypeArray169=02AA&1, 1, 1, 
Addr&TypeArray170=02AF&1, 1, 1, 
Addr&TypeArray171=02B0&1, 1, 1, 
Addr&TypeArray172=02B4&1, 1, 1, 
Addr&TypeArray173=02B9&1, 1, 1, 
Addr&TypeArray174=02BA&1, 1, 1, 
Addr&TypeArray175=02BE&1, 1, 1, 
Addr&TypeArray176=02C3&1, 1, 1, 
Addr&TypeArray177=02C4&1, 1, 1, 
Addr&TypeArray178=02C8&1, 1, 1, 
Addr&TypeArray179=02CD&1, 1, 1, 
Addr&TypeArray180=02CE&1, 1, 1, 
Addr&TypeArray181=02D2&1, 1, 1, 
Addr&TypeArray182=02D7&1, 1, 1, 
Addr&TypeArray183=02D8&1, 1, 1, 
Addr&TypeArray184=02DC&1, 1, 1, 
Addr&TypeArray185=02E1&1, 1, 1, 
Addr&TypeArray186=02E2&1, 1, 1, 
Addr&TypeArray187=02E6&1, 1, 1, 
Addr&TypeArray188=02EB&1, 1, 1, 
Addr&TypeArray189=02EC&1, 1, 1, 
[USB_6104]
DataAddr0=24836
DataAddr1=24837
DataAddr2=24838
DataAddr3=24839
Count=45
AddrM=24834
MoveM=3
AndM=247
AddrL=24835
MoveL=0
AndL=0
Cmd=
Addr&TypeArray0=0000&1, 1, 1, 1, 
Addr&TypeArray1=0004&1, 1, 1, 1, 
Addr&TypeArray2=0008&1, 1, 1, 1, 
Addr&TypeArray3=000C&1, 1, 1, 1, 
Addr&TypeArray4=0010&1, 1, 1, 1, 
Addr&TypeArray5=0014&1, 1, 1, 1, 
Addr&TypeArray6=0018&1, 1, 1, 1, 
Addr&TypeArray7=001C&1, 1, 1, 1, 
Addr&TypeArray8=0020&1, 1, 1, 1, 
Addr&TypeArray9=0024&1, 1, 1, 1, 
Addr&TypeArray10=0028&1, 1, 1, 1, 
Addr&TypeArray11=0050&1, 1, 1, 1, 
Addr&TypeArray12=0054&1, 1, 1, 1, 
Addr&TypeArray13=0090&1, 1, 1, 1, 
Addr&TypeArray14=0094&1, 1, 1, 1, 
Addr&TypeArray15=0098&1, 1, 1, 1, 
Addr&TypeArray16=009C&1, 1, 1, 1, 
Addr&TypeArray17=00A0&1, 1, 1, 1, 
Addr&TypeArray18=00A4&1, 1, 1, 1, 
Addr&TypeArray19=00A8&1, 1, 1, 1, 
Addr&TypeArray20=00AC&1, 1, 1, 1, 
Addr&TypeArray21=0100&1, 1, 1, 1, 
Addr&TypeArray22=0104&1, 1, 1, 1, 
Addr&TypeArray23=0108&1, 1, 1, 1, 
Addr&TypeArray24=010C&1, 1, 1, 1, 
Addr&TypeArray25=0110&1, 1, 1, 1, 
Addr&TypeArray26=0114&1, 1, 1, 1, 
Addr&TypeArray27=0118&1, 1, 1, 1, 
Addr&TypeArray28=011C&1, 1, 1, 1, 
Addr&TypeArray29=0120&1, 1, 1, 1, 
Addr&TypeArray30=0124&1, 1, 1, 1, 
Addr&TypeArray31=0128&1, 1, 1, 1, 
Addr&TypeArray32=012C&1, 1, 1, 1, 
Addr&TypeArray33=0130&1, 1, 1, 1, 
Addr&TypeArray34=0134&1, 1, 1, 1, 
Addr&TypeArray35=0138&1, 1, 1, 1, 
Addr&TypeArray36=013C&1, 1, 1, 1, 
Addr&TypeArray37=0140&1, 1, 1, 1, 
Addr&TypeArray38=0144&1, 1, 1, 1, 
Addr&TypeArray39=0148&1, 1, 1, 1, 
Addr&TypeArray40=014C&1, 1, 1, 1, 
Addr&TypeArray41=0150&1, 1, 1, 1, 
Addr&TypeArray42=0154&1, 1, 1, 1, 
Addr&TypeArray43=0198&1, 1, 1, 1, 
Addr&TypeArray44=019C&1, 1, 1, 1, 
